lambda n k
300e-9 1.76705 0.13542
301e-9 1.76739 0.13492
302e-9 1.76771 0.13441
303e-9 1.76803 0.1339
304e-9 1.76834 0.13339
305e-9 1.76865 0.13288
306e-9 1.76896 0.13237
307e-9 1.76926 0.13187
308e-9 1.76957 0.13138
309e-9 1.76988 0.13089
310e-9 1.7702 0.13043
311e-9 1.77052 0.12997
312e-9 1.77085 0.12953
313e-9 1.7712 0.12911
314e-9 1.77155 0.12871
315e-9 1.77193 0.12834
316e-9 1.77232 0.12799
317e-9 1.77272 0.12766
318e-9 1.77316 0.12736
319e-9 1.77363 0.12708
320e-9 1.77412 0.12681
321e-9 1.77466 0.12657
322e-9 1.77523 0.12634
323e-9 1.77585 0.12611
324e-9 1.77652 0.1259
325e-9 1.77722 0.12569
326e-9 1.77802 0.12548
327e-9 1.77888 0.12524
328e-9 1.77981 0.12499
329e-9 1.78087 0.12469
330e-9 1.78199 0.12435
331e-9 1.78324 0.12395
332e-9 1.78462 0.12348
333e-9 1.78609 0.12296
334e-9 1.78773 0.12232
335e-9 1.78947 0.12156
336e-9 1.79129 0.12071
337e-9 1.79325 0.11959
338e-9 1.79525 0.11833
339e-9 1.79734 0.11684
340e-9 1.79949 0.11505
341e-9 1.80167 0.11308
342e-9 1.80391 0.11071
343e-9 1.80616 0.10807
344e-9 1.80841 0.10521
345e-9 1.81053 0.10194
346e-9 1.81256 0.09853
347e-9 1.81441 0.09488
348e-9 1.81596 0.09101
349e-9 1.81733 0.08702
350e-9 1.81827 0.08283
351e-9 1.81885 0.07853
352e-9 1.81916 0.07414
353e-9 1.81878 0.06961
354e-9 1.81812 0.06506
355e-9 1.81707 0.06048
356e-9 1.81556 0.05594
357e-9 1.81383 0.05144
358e-9 1.81171 0.04706
359e-9 1.80932 0.04282
360e-9 1.80675 0.03868
361e-9 1.80383 0.03487
362e-9 1.80077 0.03123
363e-9 1.79754 0.02783
364e-9 1.79412 0.0248
365e-9 1.79062 0.02195
366e-9 1.78701 0.01941
367e-9 1.78337 0.01712
368e-9 1.77971 0.01499
369e-9 1.77609 0.01319
370e-9 1.77251 0.01154
371e-9 1.769 0.01007
372e-9 1.76566 0.00885
373e-9 1.76242 0.00774
374e-9 1.75938 0.00683
375e-9 1.75653 0.00608
376e-9 1.75381 0.00542
377e-9 1.75133 0.00494
378e-9 1.74895 0.00454
379e-9 1.7467 0.00421
380e-9 1.74461 0.00397
381e-9 1.7426 0.00377
382e-9 1.74069 0.00361
383e-9 1.73888 0.00348
384e-9 1.7371 0.00336
385e-9 1.73542 0.00323
386e-9 1.73377 0.00308
387e-9 1.73215 0.00291
388e-9 1.73058 0.00272
389e-9 1.72904 0.00252
390e-9 1.72753 0.00231
391e-9 1.72606 0.00209
392e-9 1.72461 0.00186
393e-9 1.72319 0.00164
394e-9 1.7218 0.00142
395e-9 1.72043 0.00121
396e-9 1.71908 0.00102
397e-9 1.71775 0.000835928
398e-9 1.71645 0.000673459
399e-9 1.71516 0.000536428
400e-9 1.71388 0.000412849
401e-9 1.71263 0.000316244
402e-9 1.7114 0.000234818
403e-9 1.71019 0.000165189
404e-9 1.70901 0.000117431
405e-9 1.70785 7.67252e-05
406e-9 1.70671 4.66151e-05
407e-9 1.70561 2.72733e-05
408e-9 1.70453 1.27153e-05
409e-9 1.70349 5.81502e-06
410e-9 1.70247 1.88585e-06
411e-9 1.70148 3.96325e-09
412e-9 1.70053 0.0
413e-9 1.69961 0.0
414e-9 1.69872 0.0
415e-9 1.69787 0.0
416e-9 1.69703 0.0
417e-9 1.69622 0.0
418e-9 1.69544 0.0
419e-9 1.69467 0.0
420e-9 1.69393 0.0
421e-9 1.6932 0.0
422e-9 1.69249 0.0
423e-9 1.6918 0.0
424e-9 1.69112 0.0
425e-9 1.69045 0.0
426e-9 1.68979 0.0
427e-9 1.68913 0.0
428e-9 1.68849 0.0
429e-9 1.68786 0.0
430e-9 1.68723 0.0
431e-9 1.68662 0.0
432e-9 1.68601 0.0
433e-9 1.68541 0.0
434e-9 1.68483 0.0
435e-9 1.68425 0.0
436e-9 1.68369 0.0
437e-9 1.68313 0.0
438e-9 1.68259 0.0
439e-9 1.68206 0.0
440e-9 1.68154 0.0
441e-9 1.68103 0.0
442e-9 1.68053 0.0
443e-9 1.68005 0.0
444e-9 1.67957 0.0
445e-9 1.67911 0.0
446e-9 1.67866 0.0
447e-9 1.67822 0.0
448e-9 1.67779 0.0
449e-9 1.67736 0.0
450e-9 1.67695 0.0
451e-9 1.67654 0.0
452e-9 1.67614 0.0
453e-9 1.67575 0.0
454e-9 1.67537 0.0
455e-9 1.67499 0.0
456e-9 1.67462 0.0
457e-9 1.67426 0.0
458e-9 1.6739 0.0
459e-9 1.67355 0.0
460e-9 1.6732 0.0
461e-9 1.67285 0.0
462e-9 1.67251 0.0
463e-9 1.67218 0.0
464e-9 1.67184 0.0
465e-9 1.67151 0.0
466e-9 1.67119 0.0
467e-9 1.67086 0.0
468e-9 1.67054 0.0
469e-9 1.67021 0.0
470e-9 1.66989 0.0
471e-9 1.66957 0.0
472e-9 1.66925 0.0
473e-9 1.66893 0.0
474e-9 1.66861 0.0
475e-9 1.66828 0.0
476e-9 1.66796 0.0
477e-9 1.66764 0.0
478e-9 1.66731 0.0
479e-9 1.66699 0.0
480e-9 1.66666 0.0
481e-9 1.66634 0.0
482e-9 1.66602 0.0
483e-9 1.6657 0.0
484e-9 1.66539 0.0
485e-9 1.66508 0.0
486e-9 1.66477 0.0
487e-9 1.66447 0.0
488e-9 1.66418 0.0
489e-9 1.66389 0.0
490e-9 1.66362 0.0
491e-9 1.66334 0.0
492e-9 1.66308 0.0
493e-9 1.66283 0.0
494e-9 1.66258 0.0
495e-9 1.66235 0.0
496e-9 1.66213 0.0
497e-9 1.66191 0.0
498e-9 1.66171 0.0
499e-9 1.66152 0.0
500e-9 1.66133 0.0
501e-9 1.66115 0.0
502e-9 1.66097 0.0
503e-9 1.66079 0.0
504e-9 1.66062 0.0
505e-9 1.66045 0.0
506e-9 1.66028 0.0
507e-9 1.66011 0.0
508e-9 1.65994 0.0
509e-9 1.65976 0.0
510e-9 1.65958 0.0
511e-9 1.65939 0.0
512e-9 1.6592 0.0
513e-9 1.65901 0.0
514e-9 1.6588 0.0
515e-9 1.65859 0.0
516e-9 1.65837 0.0
517e-9 1.65814 0.0
518e-9 1.6579 0.0
519e-9 1.65765 0.0
520e-9 1.65739 0.0
521e-9 1.65712 0.0
522e-9 1.65685 0.0
523e-9 1.65657 0.0
524e-9 1.65628 0.0
525e-9 1.65599 0.0
526e-9 1.65569 0.0
527e-9 1.6554 0.0
528e-9 1.65509 0.0
529e-9 1.65479 0.0
530e-9 1.65448 0.0
531e-9 1.65417 0.0
532e-9 1.65387 0.0
533e-9 1.65356 0.0
534e-9 1.65325 0.0
535e-9 1.65294 0.0
536e-9 1.65264 0.0
537e-9 1.65234 0.0
538e-9 1.65204 0.0
539e-9 1.65174 0.0
540e-9 1.65145 0.0
541e-9 1.65116 0.0
542e-9 1.65088 0.0
543e-9 1.6506 0.0
544e-9 1.65032 0.0
545e-9 1.65005 0.0
546e-9 1.64978 0.0
547e-9 1.64952 0.0
548e-9 1.64925 0.0
549e-9 1.649 0.0
550e-9 1.64874 0.0
551e-9 1.64849 0.0
552e-9 1.64824 0.0
553e-9 1.64799 0.0
554e-9 1.64775 0.0
555e-9 1.64751 0.0
556e-9 1.64727 0.0
557e-9 1.64704 0.0
558e-9 1.6468 0.0
559e-9 1.64657 0.0
560e-9 1.64635 0.0
561e-9 1.64612 0.0
562e-9 1.6459 0.0
563e-9 1.64568 0.0
564e-9 1.64546 0.0
565e-9 1.64524 0.0
566e-9 1.64502 0.0
567e-9 1.64481 0.0
568e-9 1.6446 0.0
569e-9 1.64439 0.0
570e-9 1.64418 0.0
571e-9 1.64398 0.0
572e-9 1.64377 0.0
573e-9 1.64357 0.0
574e-9 1.64337 0.0
575e-9 1.64318 0.0
576e-9 1.64298 0.0
577e-9 1.64279 0.0
578e-9 1.6426 0.0
579e-9 1.64241 0.0
580e-9 1.64222 0.0
581e-9 1.64203 0.0
582e-9 1.64185 0.0
583e-9 1.64167 0.0
584e-9 1.64149 0.0
585e-9 1.64131 0.0
586e-9 1.64114 0.0
587e-9 1.64096 0.0
588e-9 1.64079 0.0
589e-9 1.64062 0.0
590e-9 1.64046 0.0
591e-9 1.64029 0.0
592e-9 1.64013 0.0
593e-9 1.63997 0.0
594e-9 1.63981 0.0
595e-9 1.63965 0.0
596e-9 1.63949 0.0
597e-9 1.63934 0.0
598e-9 1.63919 0.0
599e-9 1.63904 0.0
600e-9 1.63889 0.0
601e-9 1.63874 0.0
602e-9 1.6386 0.0
603e-9 1.63845 0.0
604e-9 1.63831 0.0
605e-9 1.63817 0.0
606e-9 1.63802 0.0
607e-9 1.63788 0.0
608e-9 1.63775 0.0
609e-9 1.63761 0.0
610e-9 1.63747 0.0
611e-9 1.63733 0.0
612e-9 1.6372 0.0
613e-9 1.63706 0.0
614e-9 1.63693 0.0
615e-9 1.63679 0.0
616e-9 1.63666 0.0
617e-9 1.63652 0.0
618e-9 1.63639 0.0
619e-9 1.63626 0.0
620e-9 1.63612 0.0
621e-9 1.63599 0.0
622e-9 1.63586 0.0
623e-9 1.63573 0.0
624e-9 1.6356 0.0
625e-9 1.63546 0.0
626e-9 1.63533 0.0
627e-9 1.6352 0.0
628e-9 1.63507 0.0
629e-9 1.63494 0.0
630e-9 1.63481 0.0
631e-9 1.63468 0.0
632e-9 1.63455 0.0
633e-9 1.63442 0.0
634e-9 1.63429 0.0
635e-9 1.63417 0.0
636e-9 1.63404 0.0
637e-9 1.63392 0.0
638e-9 1.63379 0.0
639e-9 1.63367 0.0
640e-9 1.63355 0.0
641e-9 1.63343 0.0
642e-9 1.63331 0.0
643e-9 1.63319 0.0
644e-9 1.63307 0.0
645e-9 1.63295 0.0
646e-9 1.63284 0.0
647e-9 1.63273 0.0
648e-9 1.63262 0.0
649e-9 1.63251 0.0
650e-9 1.6324 0.0
651e-9 1.63229 0.0
652e-9 1.63218 0.0
653e-9 1.63208 0.0
654e-9 1.63198 0.0
655e-9 1.63188 0.0
656e-9 1.63178 0.0
657e-9 1.63168 0.0
658e-9 1.63159 0.0
659e-9 1.63149 0.0
660e-9 1.6314 0.0
661e-9 1.63131 0.0
662e-9 1.63122 0.0
663e-9 1.63114 0.0
664e-9 1.63105 0.0
665e-9 1.63097 0.0
666e-9 1.63089 0.0
667e-9 1.63081 0.0
668e-9 1.63073 0.0
669e-9 1.63065 0.0
670e-9 1.63058 0.0
671e-9 1.6305 0.0
672e-9 1.63043 0.0
673e-9 1.63036 0.0
674e-9 1.63029 0.0
675e-9 1.63022 0.0
676e-9 1.63016 0.0
677e-9 1.63009 0.0
678e-9 1.63003 0.0
679e-9 1.62996 0.0
680e-9 1.6299 0.0
681e-9 1.62984 0.0
682e-9 1.62978 0.0
683e-9 1.62973 0.0
684e-9 1.62967 0.0
685e-9 1.62961 0.0
686e-9 1.62956 0.0
687e-9 1.62951 0.0
688e-9 1.62945 0.0
689e-9 1.6294 0.0
690e-9 1.62935 0.0
691e-9 1.6293 0.0
692e-9 1.62926 0.0
693e-9 1.62921 0.0
694e-9 1.62916 0.0
695e-9 1.62912 0.0
696e-9 1.62908 0.0
697e-9 1.62903 0.0
698e-9 1.62899 0.0
699e-9 1.62895 0.0
700e-9 1.62891 0.0
701e-9 1.62887 0.0
702e-9 1.62883 0.0
703e-9 1.62879 0.0
704e-9 1.62875 0.0
705e-9 1.62871 0.0
706e-9 1.62867 0.0
707e-9 1.62863 0.0
708e-9 1.62859 0.0
709e-9 1.62855 0.0
710e-9 1.62851 0.0
711e-9 1.62847 0.0
712e-9 1.62843 0.0
713e-9 1.62839 0.0
714e-9 1.62835 0.0
715e-9 1.62831 0.0
716e-9 1.62826 0.0
717e-9 1.62822 0.0
718e-9 1.62818 0.0
719e-9 1.62813 0.0
720e-9 1.62808 0.0
721e-9 1.62804 0.0
722e-9 1.62799 0.0
723e-9 1.62794 0.0
724e-9 1.62789 0.0
725e-9 1.62784 0.0
726e-9 1.62779 0.0
727e-9 1.62773 0.0
728e-9 1.62768 0.0
729e-9 1.62762 0.0
730e-9 1.62756 0.0
731e-9 1.6275 0.0
732e-9 1.62744 0.0
733e-9 1.62738 0.0
734e-9 1.62732 0.0
735e-9 1.62725 0.0
736e-9 1.62718 0.0
737e-9 1.62711 0.0
738e-9 1.62704 0.0
739e-9 1.62697 0.0
740e-9 1.62689 0.0
741e-9 1.62682 0.0
742e-9 1.62674 0.0
743e-9 1.62666 0.0
744e-9 1.62658 0.0
745e-9 1.6265 0.0
746e-9 1.62642 0.0
747e-9 1.62634 0.0
748e-9 1.62626 0.0
749e-9 1.62617 0.0
750e-9 1.62609 0.0
751e-9 1.626 0.0
752e-9 1.62592 0.0
753e-9 1.62583 0.0
754e-9 1.62574 0.0
755e-9 1.62566 0.0
756e-9 1.62557 0.0
757e-9 1.62548 0.0
758e-9 1.6254 0.0
759e-9 1.62531 0.0
760e-9 1.62522 0.0
761e-9 1.62513 0.0
762e-9 1.62505 0.0
763e-9 1.62496 0.0
764e-9 1.62487 0.0
765e-9 1.62479 0.0
766e-9 1.6247 0.0
767e-9 1.62462 0.0
768e-9 1.62453 0.0
769e-9 1.62445 0.0
770e-9 1.62437 0.0
771e-9 1.62428 0.0
772e-9 1.6242 0.0
773e-9 1.62412 0.0
774e-9 1.62404 0.0
775e-9 1.62396 0.0
776e-9 1.62388 0.0
777e-9 1.62381 0.0
778e-9 1.62373 0.0
779e-9 1.62366 0.0
780e-9 1.62358 0.0
781e-9 1.62351 0.0
782e-9 1.62344 0.0
783e-9 1.62337 0.0
784e-9 1.6233 0.0
785e-9 1.62324 0.0
786e-9 1.62317 0.0
787e-9 1.62311 0.0
788e-9 1.62304 0.0
789e-9 1.62298 0.0
790e-9 1.62292 0.0
791e-9 1.62286 0.0
792e-9 1.6228 0.0
793e-9 1.62275 0.0
794e-9 1.62269 0.0
795e-9 1.62263 0.0
796e-9 1.62258 0.0
797e-9 1.62252 0.0
798e-9 1.62247 0.0
799e-9 1.62242 0.0
800e-9 1.62237 0.0
