lambda n k
300e-9 1.73 2.77
301e-9 1.73 2.77
302e-9 1.74 2.77
303e-9 1.75 2.77
304e-9 1.76 2.8
305e-9 1.78 2.8
306e-9 1.795 2.8
307e-9 1.81 2.82
308e-9 1.81 2.82
309e-9 1.82 2.82
310e-9 1.83 2.82
311e-9 1.85 2.82
312e-9 1.85 2.82
313e-9 1.85 2.82
314e-9 1.86 2.82
315e-9 1.86 2.85
316e-9 1.88 2.85
317e-9 1.9 2.85
318e-9 1.9 2.88
319e-9 1.91 2.88
320e-9 1.92 2.88
321e-9 1.94 2.88
322e-9 1.94 2.88
323e-9 1.945 2.88
324e-9 1.95 2.88
325e-9 1.97 2.91
326e-9 1.98 2.91
327e-9 1.99 2.91
328e-9 2.01 2.91
329e-9 2.02 2.91
330e-9 2.03 2.91
331e-9 2.05 2.93
332e-9 2.05 2.93
333e-9 2.07 2.93
334e-9 2.09 2.93
335e-9 2.11 2.93
336e-9 2.12 2.93
337e-9 2.13 2.93
338e-9 2.15 2.96
339e-9 2.16 2.96
340e-9 2.17 2.96
341e-9 2.19 2.96
342e-9 2.19 2.96
343e-9 2.2 2.96
344e-9 2.21 2.96
345e-9 2.23 2.96
346e-9 2.24 2.96
347e-9 2.25 2.96
348e-9 2.27 2.99
349e-9 2.29 2.99
350e-9 2.29 2.99
351e-9 2.29 2.99
352e-9 2.32 2.99
353e-9 2.33 3.005
354e-9 2.34 3.02
355e-9 2.34 3.02
356e-9 2.36 3.02
357e-9 2.38 3.02
358e-9 2.38 3.02
359e-9 2.38 3.02
360e-9 2.405 3.02
361e-9 2.43 3.02
362e-9 2.43 3.02
363e-9 2.45 3.02
364e-9 2.47 3.02
365e-9 2.47 3.02
366e-9 2.47 3.02
367e-9 2.47 3.02
368e-9 2.52 3.02
369e-9 2.52 3.02
370e-9 2.52 3.035
371e-9 2.52 3.05
372e-9 2.57 3.05
373e-9 2.57 3.05
374e-9 2.57 3.05
375e-9 2.62 3.05
376e-9 2.62 3.05
377e-9 2.62 3.05
378e-9 2.64 3.07
379e-9 2.69 3.07
380e-9 2.69 3.07
381e-9 2.69 3.07
382e-9 2.72 3.07
383e-9 2.735 3.07
384e-9 2.75 3.07
385e-9 2.75 3.07
386e-9 2.77 3.07
387e-9 2.785 3.07
388e-9 2.8 3.07
389e-9 2.82 3.07
390e-9 2.89 3.07
391e-9 2.96 3.07
392e-9 2.96 2.96
393e-9 2.96 2.96
394e-9 2.96 2.96
395e-9 2.96 2.96
396e-9 2.9667 2.9667
397e-9 2.9733 2.9733
398e-9 2.98 2.98
399e-9 2.995 2.995
400e-9 3.01 3.01
401e-9 3.03 3.03
402e-9 3.05 3.05
403e-9 3.055 3.055
404e-9 3.06 3.06
405e-9 3.0633 3.0633
406e-9 3.0667 3.0667
407e-9 3.07 3.07
408e-9 3.07 3.07
409e-9 3.07 3.07
410e-9 3.08 3.08
411e-9 3.09 3.09
412e-9 3.095 3.095
413e-9 3.1 3.1
414e-9 3.1067 3.1067
415e-9 3.1133 3.1133
416e-9 3.12 3.12
417e-9 3.19 3.04
418e-9 3.26 2.96
419e-9 3.27 2.96
420e-9 3.28 2.96
421e-9 3.315 2.96
422e-9 3.35 2.96
423e-9 3.35 2.96
424e-9 3.35 2.96
425e-9 3.35 2.96
426e-9 3.38 2.955
427e-9 3.41 2.95
428e-9 3.43 2.94
429e-9 3.45 2.93
430e-9 3.46 2.9233
431e-9 3.47 2.9167
432e-9 3.48 2.91
433e-9 3.5 2.905
434e-9 3.52 2.9
435e-9 3.53 2.89
436e-9 3.54 2.88
437e-9 3.56 2.88
438e-9 3.58 2.88
439e-9 3.59 2.86
440e-9 3.6 2.84
441e-9 3.61 2.82
442e-9 3.62 2.82
443e-9 3.63 2.82
444e-9 3.655 2.82
445e-9 3.68 2.82
446e-9 3.695 2.8
447e-9 3.71 2.78
448e-9 3.7233 2.7767
449e-9 3.7367 2.7733
450e-9 3.75 2.77
451e-9 3.75 2.755
452e-9 3.75 2.74
453e-9 3.78 2.73
454e-9 3.81 2.72
455e-9 3.815 2.715
456e-9 3.82 2.71
457e-9 3.83 2.6967
458e-9 3.84 2.6833
459e-9 3.85 2.67
460e-9 3.87 2.67
461e-9 3.89 2.67
462e-9 3.89 2.645
463e-9 3.89 2.62
464e-9 3.91 2.62
465e-9 3.93 2.62
466e-9 3.95 2.61
467e-9 3.96 2.6
468e-9 3.97 2.59
469e-9 3.97 2.58
470e-9 3.97 2.57
471e-9 4.005 2.56
472e-9 4.04 2.55
473e-9 4.04 2.54
474e-9 4.04 2.53
475e-9 4.04 2.52
476e-9 4.04 2.51
477e-9 4.04 2.5
478e-9 4.08 2.485
479e-9 4.12 2.47
480e-9 4.12 2.46
481e-9 4.12 2.45
482e-9 4.12 2.4367
483e-9 4.12 2.4233
484e-9 4.12 2.41
485e-9 4.16 2.41
486e-9 4.2 2.41
487e-9 4.2 2.385
488e-9 4.2 2.36
489e-9 4.2 2.345
490e-9 4.2 2.33
491e-9 4.2 2.32
492e-9 4.2 2.31
493e-9 4.2 2.3
494e-9 4.225 2.28
495e-9 4.25 2.26
496e-9 4.265 2.255
497e-9 4.28 2.25
498e-9 4.28 2.23
499e-9 4.28 2.21
500e-9 4.28 2.1967
501e-9 4.28 2.1833
502e-9 4.28 2.17
503e-9 4.28 2.155
504e-9 4.28 2.14
505e-9 4.32 2.135
506e-9 4.36 2.13
507e-9 4.36 2.11
508e-9 4.36 2.09
509e-9 4.36 2.0833
510e-9 4.36 2.0767
511e-9 4.36 2.07
512e-9 4.36 2.055
513e-9 4.36 2.04
514e-9 4.36 2.025
515e-9 4.36 2.01
516e-9 4.3633 1.9967
517e-9 4.3667 1.9833
518e-9 4.37 1.97
519e-9 4.385 1.965
520e-9 4.4 1.96
521e-9 4.4 1.945
522e-9 4.4 1.93
523e-9 4.405 1.915
524e-9 4.41 1.9
525e-9 4.42 1.89
526e-9 4.43 1.88
527e-9 4.44 1.87
528e-9 4.44 1.85
529e-9 4.44 1.83
530e-9 4.44 1.815
531e-9 4.44 1.8
532e-9 4.44 1.79
533e-9 4.44 1.78
534e-9 4.44 1.7733
535e-9 4.445 1.7667
536e-9 4.45 1.76
537e-9 4.465 1.745
538e-9 4.48 1.73
539e-9 4.48 1.72
540e-9 4.48 1.71
541e-9 4.48 1.695
542e-9 4.48 1.68
543e-9 4.48 1.67
544e-9 4.48 1.66
545e-9 4.48 1.65
546e-9 4.48 1.635
547e-9 4.48 1.62
548e-9 4.48 1.61
549e-9 4.48 1.6
550e-9 4.48 1.58
551e-9 4.48 1.56
552e-9 4.48 1.55
553e-9 4.48 1.54
554e-9 4.48 1.53
555e-9 4.48 1.52
556e-9 4.48 1.51
557e-9 4.48 1.5
558e-9 4.48 1.49
559e-9 4.48 1.4767
560e-9 4.48 1.4633
561e-9 4.48 1.45
562e-9 4.48 1.44
563e-9 4.48 1.43
564e-9 4.48 1.42
565e-9 4.48 1.41
566e-9 4.48 1.39
567e-9 4.48 1.37
568e-9 4.48 1.3633
569e-9 4.48 1.3567
570e-9 4.48 1.35
571e-9 4.48 1.34
572e-9 4.48 1.33
573e-9 4.48 1.315
574e-9 4.48 1.3
575e-9 4.48 1.295
576e-9 4.48 1.29
577e-9 4.48 1.28
578e-9 4.48 1.27
579e-9 4.48 1.26
580e-9 4.48 1.245
581e-9 4.48 1.23
582e-9 4.48 1.22
583e-9 4.48 1.21
584e-9 4.48 1.195
585e-9 4.48 1.18
586e-9 4.48 1.1767
587e-9 4.48 1.1733
588e-9 4.48 1.17
589e-9 4.48 1.16
590e-9 4.48 1.15
591e-9 4.48 1.14
592e-9 4.48 1.13
593e-9 4.48 1.115
594e-9 4.48 1.1
595e-9 4.48 1.09
596e-9 4.48 1.08
597e-9 4.48 1.07
598e-9 4.48 1.065
599e-9 4.48 1.06
600e-9 4.48 1.05
601e-9 4.48 1.04
602e-9 4.48 1.03
603e-9 4.48 1.02
604e-9 4.48 1.0167
605e-9 4.48 1.0133
606e-9 4.48 1.01
607e-9 4.48 0.9995
608e-9 4.48 0.989
609e-9 4.48 0.9815
610e-9 4.48 0.974
611e-9 4.48 0.96633
612e-9 4.48 0.95867
613e-9 4.48 0.951
614e-9 4.46 0.9395
615e-9 4.44 0.928
616e-9 4.44 0.921
617e-9 4.44 0.914
618e-9 4.44 0.903
619e-9 4.44 0.892
620e-9 4.44 0.88767
621e-9 4.425 0.88333
622e-9 4.41 0.879
623e-9 4.405 0.867
624e-9 4.4 0.855
625e-9 4.4 0.8495
626e-9 4.4 0.844
627e-9 4.4 0.834
628e-9 4.4 0.824
629e-9 4.4 0.81967
630e-9 4.4 0.81533
631e-9 4.4 0.811
632e-9 4.4 0.8015
633e-9 4.4 0.792
634e-9 4.3867 0.7835
635e-9 4.3733 0.775
636e-9 4.36 0.7685
637e-9 4.36 0.762
638e-9 4.36 0.758
639e-9 4.36 0.754
640e-9 4.36 0.75
641e-9 4.36 0.744
642e-9 4.36 0.738
643e-9 4.36 0.7295
644e-9 4.36 0.721
645e-9 4.36 0.7115
646e-9 4.36 0.702
647e-9 4.36 0.69667
648e-9 4.36 0.69133
649e-9 4.36 0.686
650e-9 4.36 0.681
651e-9 4.36 0.676
652e-9 4.36 0.6675
653e-9 4.36 0.659
654e-9 4.36 0.65267
655e-9 4.345 0.64633
656e-9 4.33 0.64
657e-9 4.325 0.6365
658e-9 4.32 0.633
659e-9 4.32 0.6235
660e-9 4.32 0.614
661e-9 4.32 0.605
662e-9 4.32 0.596
663e-9 4.32 0.59367
664e-9 4.32 0.59133
665e-9 4.32 0.589
666e-9 4.32 0.58
667e-9 4.32 0.571
668e-9 4.32 0.5635
669e-9 4.32 0.556
670e-9 4.3067 0.5495
671e-9 4.2933 0.543
672e-9 4.28 0.539
673e-9 4.28 0.535
674e-9 4.28 0.531
675e-9 4.28 0.5285
676e-9 4.28 0.526
677e-9 4.28 0.522
678e-9 4.28 0.518
679e-9 4.28 0.509
680e-9 4.28 0.5
681e-9 4.28 0.49633
682e-9 4.28 0.49267
683e-9 4.28 0.489
684e-9 4.27 0.482
685e-9 4.26 0.475
686e-9 4.2533 0.4705
687e-9 4.2467 0.466
688e-9 4.24 0.461
689e-9 4.24 0.456
690e-9 4.24 0.45433
691e-9 4.24 0.45267
692e-9 4.24 0.451
693e-9 4.225 0.4445
694e-9 4.21 0.438
695e-9 4.2067 0.4345
696e-9 4.2033 0.431
697e-9 4.2 0.4235
698e-9 4.2 0.416
699e-9 4.2 0.41267
700e-9 4.2 0.40933
701e-9 4.2 0.406
702e-9 4.2 0.401
703e-9 4.2 0.396
704e-9 4.2 0.3915
705e-9 4.2 0.387
706e-9 4.2 0.38433
707e-9 4.2 0.38167
708e-9 4.2 0.379
709e-9 4.2 0.3735
710e-9 4.2 0.368
711e-9 4.1867 0.3625
712e-9 4.1733 0.357
713e-9 4.16 0.352
714e-9 4.14 0.347
715e-9 4.12 0.34333
716e-9 4.12 0.33967
717e-9 4.12 0.336
718e-9 4.12 0.331
719e-9 4.12 0.326
720e-9 4.12 0.3215
721e-9 4.12 0.317
722e-9 4.12 0.3135
723e-9 4.12 0.31
724e-9 4.12 0.309
725e-9 4.12 0.308
726e-9 4.12 0.307
727e-9 4.105 0.3025
728e-9 4.09 0.298
729e-9 4.0867 0.293
730e-9 4.0833 0.288
731e-9 4.08 0.2815
732e-9 4.08 0.275
733e-9 4.08 0.273
734e-9 4.08 0.271
735e-9 4.08 0.269
736e-9 4.08 0.2665
737e-9 4.08 0.264
738e-9 4.08 0.26
739e-9 4.08 0.256
740e-9 4.08 0.252
741e-9 4.06 0.248
742e-9 4.04 0.24567
743e-9 4.04 0.24333
744e-9 4.04 0.241
745e-9 4.0333 0.2365
746e-9 4.0267 0.232
747e-9 4.02 0.2285
748e-9 4.01 0.225
749e-9 4.0 0.2215
750e-9 4.0 0.218
751e-9 4.0 0.21667
752e-9 4.0 0.21533
753e-9 4.0 0.214
754e-9 4.0 0.2115
755e-9 4.0 0.209
756e-9 4.0 0.206
757e-9 4.0 0.203
758e-9 4.0 0.2
759e-9 4.0 0.197
760e-9 4.0 0.195
761e-9 4.0 0.193
762e-9 4.0 0.191
763e-9 3.9967 0.1875
764e-9 3.9933 0.184
765e-9 3.99 0.1805
766e-9 3.98 0.177
767e-9 3.97 0.175
768e-9 3.97 0.173
769e-9 3.97 0.171
770e-9 3.97 0.1695
771e-9 3.97 0.168
772e-9 3.97 0.1655
773e-9 3.97 0.163
774e-9 3.97 0.1605
775e-9 3.965 0.158
776e-9 3.96 0.156
777e-9 3.945 0.154
778e-9 3.93 0.152
779e-9 3.93 0.1495
780e-9 3.93 0.147
781e-9 3.93 0.143
782e-9 3.93 0.139
783e-9 3.93 0.137
784e-9 3.93 0.135
785e-9 3.93 0.13367
786e-9 3.93 0.13233
787e-9 3.93 0.131
788e-9 3.92 0.129
789e-9 3.91 0.127
790e-9 3.9 0.124
791e-9 3.895 0.121
792e-9 3.89 0.1185
793e-9 3.89 0.116
794e-9 3.89 0.11433
795e-9 3.875 0.11267
796e-9 3.86 0.111
797e-9 3.86 0.108
798e-9 3.86 0.105
799e-9 3.86 0.1035
800e-9 3.86 0.102
