lambda n k
300e-9 0.27571 3.61265
301e-9 0.27754 3.62538
302e-9 0.27937 3.63812
303e-9 0.2812 3.65085
304e-9 0.28303 3.66359
305e-9 0.28485 3.67632
306e-9 0.28668 3.68906
307e-9 0.28851 3.70179
308e-9 0.29034 3.71453
309e-9 0.29217 3.72726
310e-9 0.294 3.74
311e-9 0.29596 3.75263
312e-9 0.29792 3.76525
313e-9 0.29988 3.77788
314e-9 0.30185 3.7905
315e-9 0.30381 3.80313
316e-9 0.30577 3.81575
317e-9 0.30773 3.82838
318e-9 0.30969 3.84101
319e-9 0.31165 3.85363
320e-9 0.31361 3.86626
321e-9 0.31557 3.87888
322e-9 0.31754 3.89151
323e-9 0.3195 3.90414
324e-9 0.32146 3.91676
325e-9 0.32342 3.92939
326e-9 0.32538 3.94201
327e-9 0.3274 3.95461
328e-9 0.32944 3.96718
329e-9 0.33148 3.97976
330e-9 0.33352 3.99234
331e-9 0.33556 4.00491
332e-9 0.3376 4.01749
333e-9 0.33964 4.03007
334e-9 0.34168 4.04264
335e-9 0.34372 4.05522
336e-9 0.34577 4.0678
337e-9 0.34781 4.08037
338e-9 0.34985 4.09295
339e-9 0.35189 4.10553
340e-9 0.35393 4.1181
341e-9 0.35597 4.13068
342e-9 0.35801 4.14326
343e-9 0.36005 4.15583
344e-9 0.36209 4.16841
345e-9 0.36421 4.18091
346e-9 0.36638 4.19335
347e-9 0.36855 4.20578
348e-9 0.37072 4.21822
349e-9 0.37289 4.23066
350e-9 0.37506 4.2431
351e-9 0.37724 4.25553
352e-9 0.37941 4.26797
353e-9 0.38158 4.28041
354e-9 0.38375 4.29285
355e-9 0.38592 4.30528
356e-9 0.38809 4.31772
357e-9 0.39027 4.33016
358e-9 0.39244 4.3426
359e-9 0.39461 4.35503
360e-9 0.39678 4.36747
361e-9 0.39895 4.37991
362e-9 0.40112 4.39235
363e-9 0.4033 4.40478
364e-9 0.40547 4.41722
365e-9 0.40768 4.42964
366e-9 0.41001 4.44201
367e-9 0.41233 4.45438
368e-9 0.41466 4.46675
369e-9 0.41698 4.47913
370e-9 0.41931 4.4915
371e-9 0.42163 4.50387
372e-9 0.42396 4.51624
373e-9 0.42629 4.52861
374e-9 0.42861 4.54098
375e-9 0.43094 4.55335
376e-9 0.43326 4.56573
377e-9 0.43559 4.5781
378e-9 0.43791 4.59047
379e-9 0.44024 4.60284
380e-9 0.44256 4.61521
381e-9 0.44489 4.62758
382e-9 0.44721 4.63996
383e-9 0.44954 4.65233
384e-9 0.45186 4.6647
385e-9 0.45419 4.67707
386e-9 0.45651 4.68944
387e-9 0.45884 4.70181
388e-9 0.46122 4.71412
389e-9 0.46366 4.72635
390e-9 0.4661 4.73858
391e-9 0.46854 4.75081
392e-9 0.47097 4.76305
393e-9 0.47341 4.77528
394e-9 0.47585 4.78751
395e-9 0.47829 4.79974
396e-9 0.48073 4.81197
397e-9 0.48317 4.82421
398e-9 0.48561 4.83644
399e-9 0.48805 4.84867
400e-9 0.49048 4.8609
401e-9 0.49292 4.87314
402e-9 0.49536 4.88537
403e-9 0.4978 4.8976
404e-9 0.50024 4.90983
405e-9 0.50268 4.92206
406e-9 0.50512 4.9343
407e-9 0.50755 4.94653
408e-9 0.50999 4.95876
409e-9 0.51243 4.97099
410e-9 0.51487 4.98323
411e-9 0.51731 4.99546
412e-9 0.51975 5.00769
413e-9 0.52219 5.01992
414e-9 0.52469 5.03215
415e-9 0.52723 5.04438
416e-9 0.52977 5.05661
417e-9 0.53231 5.06883
418e-9 0.53485 5.08106
419e-9 0.5374 5.09329
420e-9 0.53994 5.10552
421e-9 0.54248 5.11774
422e-9 0.54502 5.12997
423e-9 0.54756 5.1422
424e-9 0.5501 5.15443
425e-9 0.55264 5.16665
426e-9 0.55518 5.17888
427e-9 0.55772 5.19111
428e-9 0.56026 5.20334
429e-9 0.5628 5.21556
430e-9 0.56534 5.22779
431e-9 0.56788 5.24002
432e-9 0.57042 5.25225
433e-9 0.57296 5.26447
434e-9 0.5755 5.2767
435e-9 0.57804 5.28893
436e-9 0.58058 5.30115
437e-9 0.58312 5.31338
438e-9 0.58566 5.32561
439e-9 0.5882 5.33784
440e-9 0.59074 5.35006
441e-9 0.59328 5.36229
442e-9 0.59582 5.37452
443e-9 0.59841 5.38674
444e-9 0.60125 5.39892
445e-9 0.6041 5.4111
446e-9 0.60695 5.42329
447e-9 0.6098 5.43547
448e-9 0.61264 5.44765
449e-9 0.61549 5.45983
450e-9 0.61834 5.47202
451e-9 0.62119 5.4842
452e-9 0.62403 5.49638
453e-9 0.62688 5.50856
454e-9 0.62973 5.52075
455e-9 0.63258 5.53293
456e-9 0.63542 5.54511
457e-9 0.63827 5.55729
458e-9 0.64112 5.56947
459e-9 0.64397 5.58166
460e-9 0.64681 5.59384
461e-9 0.64966 5.60602
462e-9 0.65251 5.6182
463e-9 0.65536 5.63039
464e-9 0.6582 5.64257
465e-9 0.66105 5.65475
466e-9 0.6639 5.66693
467e-9 0.66674 5.67911
468e-9 0.66959 5.6913
469e-9 0.67244 5.70348
470e-9 0.67529 5.71566
471e-9 0.67813 5.72784
472e-9 0.68098 5.74003
473e-9 0.68383 5.75221
474e-9 0.68668 5.76439
475e-9 0.68952 5.77657
476e-9 0.69237 5.78875
477e-9 0.69525 5.80093
478e-9 0.69855 5.81309
479e-9 0.70185 5.82524
480e-9 0.70514 5.83739
481e-9 0.70844 5.84955
482e-9 0.71173 5.8617
483e-9 0.71503 5.87385
484e-9 0.71833 5.88601
485e-9 0.72162 5.89816
486e-9 0.72492 5.91031
487e-9 0.72821 5.92246
488e-9 0.73151 5.93462
489e-9 0.73481 5.94677
490e-9 0.7381 5.95892
491e-9 0.7414 5.97108
492e-9 0.7447 5.98323
493e-9 0.74799 5.99538
494e-9 0.75129 6.00753
495e-9 0.75458 6.01969
496e-9 0.75788 6.03184
497e-9 0.76118 6.04399
498e-9 0.76447 6.05615
499e-9 0.76777 6.0683
500e-9 0.77106 6.08045
501e-9 0.77436 6.0926
502e-9 0.77766 6.10476
503e-9 0.78095 6.11691
504e-9 0.78425 6.12906
505e-9 0.78755 6.14122
506e-9 0.79084 6.15337
507e-9 0.79414 6.16552
508e-9 0.79743 6.17767
509e-9 0.80073 6.18983
510e-9 0.80403 6.20198
511e-9 0.80732 6.21413
512e-9 0.81062 6.22629
513e-9 0.81391 6.23844
514e-9 0.81721 6.25059
515e-9 0.82051 6.26275
516e-9 0.8238 6.2749
517e-9 0.82736 6.287
518e-9 0.83145 6.29898
519e-9 0.83554 6.31097
520e-9 0.83963 6.32295
521e-9 0.84371 6.33494
522e-9 0.8478 6.34693
523e-9 0.85189 6.35891
524e-9 0.85598 6.3709
525e-9 0.86006 6.38289
526e-9 0.86415 6.39487
527e-9 0.86824 6.40686
528e-9 0.87233 6.41885
529e-9 0.87642 6.43083
530e-9 0.8805 6.44282
531e-9 0.88459 6.45481
532e-9 0.88868 6.46679
533e-9 0.89277 6.47878
534e-9 0.89685 6.49077
535e-9 0.90094 6.50275
536e-9 0.90503 6.51474
537e-9 0.90912 6.52672
538e-9 0.91321 6.53871
539e-9 0.91729 6.5507
540e-9 0.92138 6.56268
541e-9 0.92547 6.57467
542e-9 0.92956 6.58666
543e-9 0.93364 6.59864
544e-9 0.93773 6.61063
545e-9 0.94182 6.62262
546e-9 0.94591 6.6346
547e-9 0.94999 6.64659
548e-9 0.95408 6.65858
549e-9 0.95817 6.67056
550e-9 0.96226 6.68255
551e-9 0.96635 6.69453
552e-9 0.97043 6.70652
553e-9 0.97452 6.71851
554e-9 0.97861 6.73049
555e-9 0.9827 6.74248
556e-9 0.98678 6.75447
557e-9 0.99087 6.76645
558e-9 0.99496 6.77844
559e-9 0.99905 6.79043
560e-9 1.00314 6.80241
561e-9 1.00722 6.8144
562e-9 1.01131 6.82639
563e-9 1.0154 6.83837
564e-9 1.01985 6.85008
565e-9 1.02492 6.86131
566e-9 1.02999 6.87255
567e-9 1.03507 6.88378
568e-9 1.04014 6.89501
569e-9 1.04522 6.90624
570e-9 1.05029 6.91747
571e-9 1.05536 6.9287
572e-9 1.06044 6.93993
573e-9 1.06551 6.95116
574e-9 1.07059 6.96239
575e-9 1.07566 6.97362
576e-9 1.08074 6.98485
577e-9 1.08581 6.99608
578e-9 1.09088 7.00731
579e-9 1.09596 7.01854
580e-9 1.10103 7.02977
581e-9 1.10611 7.041
582e-9 1.11118 7.05224
583e-9 1.11625 7.06347
584e-9 1.12133 7.0747
585e-9 1.1264 7.08593
586e-9 1.13148 7.09716
587e-9 1.13655 7.10839
588e-9 1.14163 7.11962
589e-9 1.1467 7.13085
590e-9 1.15177 7.14208
591e-9 1.15685 7.15331
592e-9 1.16192 7.16454
593e-9 1.167 7.17577
594e-9 1.17207 7.187
595e-9 1.17715 7.19823
596e-9 1.18222 7.20946
597e-9 1.18729 7.2207
598e-9 1.19237 7.23193
599e-9 1.19744 7.24316
600e-9 1.20252 7.25439
601e-9 1.20759 7.26562
602e-9 1.21266 7.27685
603e-9 1.21774 7.28808
604e-9 1.22281 7.29931
605e-9 1.22789 7.31054
606e-9 1.23296 7.32177
607e-9 1.23804 7.333
608e-9 1.24311 7.34423
609e-9 1.24818 7.35546
610e-9 1.25326 7.36669
611e-9 1.25833 7.37792
612e-9 1.26341 7.38915
613e-9 1.26848 7.40039
614e-9 1.27355 7.41162
615e-9 1.27863 7.42285
616e-9 1.2837 7.43408
617e-9 1.28878 7.44531
618e-9 1.29385 7.45654
619e-9 1.29893 7.46777
620e-9 1.304 7.479
621e-9 1.30964 7.48948
622e-9 1.31528 7.49996
623e-9 1.32092 7.51044
624e-9 1.32655 7.52092
625e-9 1.33219 7.5314
626e-9 1.33783 7.54188
627e-9 1.34347 7.55236
628e-9 1.34911 7.56285
629e-9 1.35475 7.57333
630e-9 1.36039 7.58381
631e-9 1.36603 7.59429
632e-9 1.37166 7.60477
633e-9 1.3773 7.61525
634e-9 1.38294 7.62573
635e-9 1.38858 7.63621
636e-9 1.39422 7.64669
637e-9 1.39986 7.65717
638e-9 1.4055 7.66765
639e-9 1.41114 7.67813
640e-9 1.41677 7.68861
641e-9 1.42241 7.69909
642e-9 1.42805 7.70957
643e-9 1.43369 7.72005
644e-9 1.43933 7.73054
645e-9 1.44497 7.74102
646e-9 1.45061 7.7515
647e-9 1.45625 7.76198
648e-9 1.46188 7.77246
649e-9 1.46752 7.78294
650e-9 1.47316 7.79342
651e-9 1.4788 7.8039
652e-9 1.48444 7.81438
653e-9 1.49057 7.8249
654e-9 1.49755 7.83549
655e-9 1.50453 7.84608
656e-9 1.5115 7.85667
657e-9 1.51848 7.86727
658e-9 1.52546 7.87786
659e-9 1.53244 7.88845
660e-9 1.53942 7.89904
661e-9 1.54639 7.90963
662e-9 1.55337 7.92022
663e-9 1.56035 7.93081
664e-9 1.56733 7.9414
665e-9 1.57431 7.95199
666e-9 1.58128 7.96258
667e-9 1.58826 7.97318
668e-9 1.59524 7.98377
669e-9 1.60222 7.99436
670e-9 1.6092 8.00495
671e-9 1.61617 8.01554
672e-9 1.62315 8.02613
673e-9 1.63013 8.03672
674e-9 1.63711 8.04731
675e-9 1.64408 8.0579
676e-9 1.65106 8.06849
677e-9 1.65804 8.07909
678e-9 1.66502 8.08968
679e-9 1.672 8.10027
680e-9 1.67897 8.11086
681e-9 1.68595 8.12145
682e-9 1.69293 8.13204
683e-9 1.69991 8.14263
684e-9 1.70689 8.15322
685e-9 1.71386 8.16381
686e-9 1.72084 8.1744
687e-9 1.72782 8.18499
688e-9 1.7348 8.19559
689e-9 1.7421 8.20601
690e-9 1.75202 8.21509
691e-9 1.76194 8.22417
692e-9 1.77186 8.23325
693e-9 1.78178 8.24233
694e-9 1.7917 8.25142
695e-9 1.80162 8.2605
696e-9 1.81154 8.26958
697e-9 1.82146 8.27866
698e-9 1.83139 8.28774
699e-9 1.84131 8.29682
700e-9 1.85123 8.3059
701e-9 1.86115 8.31498
702e-9 1.87107 8.32407
703e-9 1.88099 8.33315
704e-9 1.89091 8.34223
705e-9 1.90083 8.35131
706e-9 1.91075 8.36039
707e-9 1.92067 8.36947
708e-9 1.93059 8.37855
709e-9 1.94051 8.38763
710e-9 1.95043 8.39672
711e-9 1.96035 8.4058
712e-9 1.97027 8.41488
713e-9 1.98019 8.42396
714e-9 1.99011 8.43304
715e-9 2.00003 8.44212
716e-9 2.00995 8.4512
717e-9 2.01987 8.46029
718e-9 2.02979 8.46937
719e-9 2.03971 8.47845
720e-9 2.04963 8.48753
721e-9 2.05955 8.49661
722e-9 2.06947 8.50569
723e-9 2.07939 8.51477
724e-9 2.08931 8.52385
725e-9 2.09923 8.53294
726e-9 2.10915 8.54202
727e-9 2.11907 8.5511
728e-9 2.12899 8.56018
729e-9 2.13892 8.56926
730e-9 2.14922 8.57331
731e-9 2.15979 8.57384
732e-9 2.17037 8.57436
733e-9 2.18094 8.57489
734e-9 2.19151 8.57542
735e-9 2.20208 8.57594
736e-9 2.21266 8.57647
737e-9 2.22323 8.57699
738e-9 2.2338 8.57752
739e-9 2.24438 8.57805
740e-9 2.25495 8.57857
741e-9 2.26552 8.5791
742e-9 2.27609 8.57963
743e-9 2.28667 8.58015
744e-9 2.29724 8.58068
745e-9 2.30781 8.58121
746e-9 2.31839 8.58173
747e-9 2.32896 8.58226
748e-9 2.33953 8.58279
749e-9 2.3501 8.58331
750e-9 2.36068 8.58384
751e-9 2.37125 8.58437
752e-9 2.38182 8.58489
753e-9 2.3924 8.58542
754e-9 2.40297 8.58594
755e-9 2.41354 8.58647
756e-9 2.42411 8.587
757e-9 2.43469 8.58752
758e-9 2.44526 8.58805
759e-9 2.45583 8.58858
760e-9 2.46641 8.5891
761e-9 2.47698 8.58963
762e-9 2.48755 8.59016
763e-9 2.49813 8.59068
764e-9 2.5087 8.59121
765e-9 2.51927 8.59174
766e-9 2.52984 8.59226
767e-9 2.54042 8.59279
768e-9 2.55099 8.59331
769e-9 2.56156 8.59384
770e-9 2.57214 8.59437
771e-9 2.58271 8.59489
772e-9 2.59328 8.59542
773e-9 2.60385 8.59595
774e-9 2.61443 8.59647
775e-9 2.625 8.597
776e-9 2.62732 8.59143
777e-9 2.62965 8.58585
778e-9 2.63197 8.58028
779e-9 2.63429 8.5747
780e-9 2.63661 8.56913
781e-9 2.63894 8.56355
782e-9 2.64126 8.55798
783e-9 2.64358 8.55241
784e-9 2.6459 8.54683
785e-9 2.64823 8.54126
786e-9 2.65055 8.53568
787e-9 2.65287 8.53011
788e-9 2.65519 8.52454
789e-9 2.65752 8.51896
790e-9 2.65984 8.51339
791e-9 2.66216 8.50781
792e-9 2.66448 8.50224
793e-9 2.66681 8.49666
794e-9 2.66913 8.49109
795e-9 2.67145 8.48552
796e-9 2.67377 8.47994
797e-9 2.6761 8.47437
798e-9 2.67842 8.46879
799e-9 2.68074 8.46322
800e-9 2.68306 8.45765
