lambda n k
300e-9 2.18492 0.03102
301e-9 2.1817 0.03068
302e-9 2.17853 0.03035
303e-9 2.17539 0.03002
304e-9 2.17228 0.0297
305e-9 2.16923 0.02938
306e-9 2.16619 0.02907
307e-9 2.1632 0.02877
308e-9 2.16024 0.02847
309e-9 2.15731 0.02817
310e-9 2.15443 0.02788
311e-9 2.15157 0.02759
312e-9 2.14874 0.02731
313e-9 2.14595 0.02704
314e-9 2.14318 0.02676
315e-9 2.14045 0.0265
316e-9 2.13775 0.02623
317e-9 2.13507 0.02597
318e-9 2.13244 0.02572
319e-9 2.12983 0.02547
320e-9 2.12724 0.02522
321e-9 2.12469 0.02498
322e-9 2.12216 0.02474
323e-9 2.11967 0.02451
324e-9 2.1172 0.02427
325e-9 2.11474 0.02405
326e-9 2.11233 0.02382
327e-9 2.10994 0.0236
328e-9 2.10757 0.02338
329e-9 2.10523 0.02317
330e-9 2.10291 0.02296
331e-9 2.10062 0.02275
332e-9 2.09836 0.02254
333e-9 2.09611 0.02234
334e-9 2.09389 0.02214
335e-9 2.09169 0.02195
336e-9 2.08951 0.02175
337e-9 2.08737 0.02157
338e-9 2.08523 0.02138
339e-9 2.08313 0.02119
340e-9 2.08104 0.02101
341e-9 2.07897 0.02083
342e-9 2.07693 0.02066
343e-9 2.07491 0.02048
344e-9 2.0729 0.02031
345e-9 2.07093 0.02014
346e-9 2.06896 0.01997
347e-9 2.06702 0.01981
348e-9 2.0651 0.01965
349e-9 2.06319 0.01949
350e-9 2.06131 0.01933
351e-9 2.05944 0.01917
352e-9 2.05759 0.01902
353e-9 2.05576 0.01887
354e-9 2.05395 0.01872
355e-9 2.05215 0.01857
356e-9 2.05037 0.01842
357e-9 2.04861 0.01828
358e-9 2.04687 0.01814
359e-9 2.04514 0.018
360e-9 2.04343 0.01786
361e-9 2.04174 0.01773
362e-9 2.04006 0.01759
363e-9 2.0384 0.01746
364e-9 2.03675 0.01733
365e-9 2.03512 0.0172
366e-9 2.03351 0.01707
367e-9 2.03191 0.01695
368e-9 2.03032 0.01682
369e-9 2.02875 0.0167
370e-9 2.0272 0.01658
371e-9 2.02565 0.01646
372e-9 2.02413 0.01634
373e-9 2.02261 0.01622
374e-9 2.02111 0.01611
375e-9 2.01963 0.016
376e-9 2.01815 0.01588
377e-9 2.0167 0.01577
378e-9 2.01525 0.01566
379e-9 2.01382 0.01555
380e-9 2.0124 0.01545
381e-9 2.01099 0.01534
382e-9 2.00959 0.01524
383e-9 2.00821 0.01513
384e-9 2.00684 0.01503
385e-9 2.00548 0.01493
386e-9 2.00414 0.01483
387e-9 2.0028 0.01473
388e-9 2.00148 0.01464
389e-9 2.00017 0.01454
390e-9 1.99887 0.01445
391e-9 1.99758 0.01435
392e-9 1.9963 0.01426
393e-9 1.99504 0.01417
394e-9 1.99378 0.01408
395e-9 1.99254 0.01399
396e-9 1.99131 0.0139
397e-9 1.99008 0.01381
398e-9 1.98887 0.01372
399e-9 1.98767 0.01364
400e-9 1.98647 0.01355
401e-9 1.98529 0.01347
402e-9 1.98412 0.01339
403e-9 1.98295 0.01331
404e-9 1.9818 0.01322
405e-9 1.98066 0.01314
406e-9 1.97952 0.01307
407e-9 1.9784 0.01299
408e-9 1.97728 0.01291
409e-9 1.97618 0.01283
410e-9 1.97508 0.01276
411e-9 1.97399 0.01268
412e-9 1.97291 0.01261
413e-9 1.97184 0.01253
414e-9 1.97078 0.01246
415e-9 1.96973 0.01239
416e-9 1.96868 0.01232
417e-9 1.96765 0.01225
418e-9 1.96662 0.01218
419e-9 1.9656 0.01211
420e-9 1.96459 0.01204
421e-9 1.96359 0.01197
422e-9 1.96259 0.01191
423e-9 1.9616 0.01184
424e-9 1.96062 0.01178
425e-9 1.95965 0.01171
426e-9 1.95869 0.01165
427e-9 1.95773 0.01158
428e-9 1.95678 0.01152
429e-9 1.95584 0.01146
430e-9 1.9549 0.0114
431e-9 1.95397 0.01134
432e-9 1.95305 0.01128
433e-9 1.95214 0.01122
434e-9 1.95123 0.01116
435e-9 1.95033 0.0111
436e-9 1.94944 0.01104
437e-9 1.94855 0.01098
438e-9 1.94767 0.01093
439e-9 1.9468 0.01087
440e-9 1.94594 0.01081
441e-9 1.94508 0.01076
442e-9 1.94422 0.0107
443e-9 1.94338 0.01065
444e-9 1.94254 0.0106
445e-9 1.9417 0.01054
446e-9 1.94087 0.01049
447e-9 1.94005 0.01044
448e-9 1.93924 0.01039
449e-9 1.93843 0.01034
450e-9 1.93763 0.01028
451e-9 1.93683 0.01023
452e-9 1.93604 0.01018
453e-9 1.93525 0.01013
454e-9 1.93447 0.01009
455e-9 1.93369 0.01004
456e-9 1.93293 0.00999
457e-9 1.93216 0.00994
458e-9 1.9314 0.0099
459e-9 1.93065 0.00985
460e-9 1.9299 0.0098
461e-9 1.92916 0.00976
462e-9 1.92842 0.00971
463e-9 1.92769 0.00967
464e-9 1.92697 0.00962
465e-9 1.92625 0.00958
466e-9 1.92553 0.00953
467e-9 1.92482 0.00949
468e-9 1.92411 0.00945
469e-9 1.92341 0.0094
470e-9 1.92272 0.00936
471e-9 1.92203 0.00932
472e-9 1.92134 0.00928
473e-9 1.92066 0.00924
474e-9 1.91998 0.0092
475e-9 1.91931 0.00916
476e-9 1.91864 0.00912
477e-9 1.91798 0.00908
478e-9 1.91732 0.00904
479e-9 1.91667 0.009
480e-9 1.91602 0.00896
481e-9 1.91537 0.00892
482e-9 1.91473 0.00888
483e-9 1.9141 0.00884
484e-9 1.91346 0.00881
485e-9 1.91284 0.00877
486e-9 1.91221 0.00873
487e-9 1.91159 0.0087
488e-9 1.91098 0.00866
489e-9 1.91037 0.00862
490e-9 1.90976 0.00859
491e-9 1.90916 0.00855
492e-9 1.90856 0.00852
493e-9 1.90797 0.00848
494e-9 1.90737 0.00845
495e-9 1.90679 0.00841
496e-9 1.9062 0.00838
497e-9 1.90562 0.00835
498e-9 1.90505 0.00831
499e-9 1.90448 0.00828
500e-9 1.90391 0.00825
501e-9 1.90334 0.00821
502e-9 1.90278 0.00818
503e-9 1.90223 0.00815
504e-9 1.90167 0.00812
505e-9 1.90112 0.00809
506e-9 1.90058 0.00805
507e-9 1.90003 0.00802
508e-9 1.89949 0.00799
509e-9 1.89896 0.00796
510e-9 1.89843 0.00793
511e-9 1.8979 0.0079
512e-9 1.89737 0.00787
513e-9 1.89685 0.00784
514e-9 1.89633 0.00781
515e-9 1.89581 0.00778
516e-9 1.8953 0.00775
517e-9 1.89479 0.00772
518e-9 1.89428 0.0077
519e-9 1.89378 0.00767
520e-9 1.89328 0.00764
521e-9 1.89278 0.00761
522e-9 1.89229 0.00758
523e-9 1.8918 0.00756
524e-9 1.89131 0.00753
525e-9 1.89083 0.0075
526e-9 1.89035 0.00748
527e-9 1.88987 0.00745
528e-9 1.88939 0.00742
529e-9 1.88892 0.0074
530e-9 1.88845 0.00737
531e-9 1.88798 0.00734
532e-9 1.88752 0.00732
533e-9 1.88706 0.00729
534e-9 1.8866 0.00727
535e-9 1.88614 0.00724
536e-9 1.88569 0.00722
537e-9 1.88524 0.00719
538e-9 1.88479 0.00717
539e-9 1.88435 0.00714
540e-9 1.8839 0.00712
541e-9 1.88346 0.00709
542e-9 1.88303 0.00707
543e-9 1.88259 0.00705
544e-9 1.88216 0.00702
545e-9 1.88173 0.007
546e-9 1.8813 0.00698
547e-9 1.88088 0.00695
548e-9 1.88046 0.00693
549e-9 1.88004 0.00691
550e-9 1.87962 0.00688
551e-9 1.87921 0.00686
552e-9 1.87879 0.00684
553e-9 1.87838 0.00682
554e-9 1.87798 0.00679
555e-9 1.87757 0.00677
556e-9 1.87717 0.00675
557e-9 1.87677 0.00673
558e-9 1.87637 0.00671
559e-9 1.87597 0.00669
560e-9 1.87558 0.00667
561e-9 1.87519 0.00664
562e-9 1.8748 0.00662
563e-9 1.87441 0.0066
564e-9 1.87403 0.00658
565e-9 1.87365 0.00656
566e-9 1.87327 0.00654
567e-9 1.87289 0.00652
568e-9 1.87251 0.0065
569e-9 1.87214 0.00648
570e-9 1.87177 0.00646
571e-9 1.8714 0.00644
572e-9 1.87103 0.00642
573e-9 1.87067 0.0064
574e-9 1.8703 0.00638
575e-9 1.86994 0.00636
576e-9 1.86958 0.00634
577e-9 1.86922 0.00633
578e-9 1.86887 0.00631
579e-9 1.86852 0.00629
580e-9 1.86816 0.00627
581e-9 1.86781 0.00625
582e-9 1.86747 0.00623
583e-9 1.86712 0.00621
584e-9 1.86678 0.0062
585e-9 1.86643 0.00618
586e-9 1.86609 0.00616
587e-9 1.86576 0.00614
588e-9 1.86542 0.00612
589e-9 1.86509 0.00611
590e-9 1.86475 0.00609
591e-9 1.86442 0.00607
592e-9 1.86409 0.00606
593e-9 1.86376 0.00604
594e-9 1.86344 0.00602
595e-9 1.86312 0.006
596e-9 1.86279 0.00599
597e-9 1.86247 0.00597
598e-9 1.86215 0.00595
599e-9 1.86184 0.00594
600e-9 1.86152 0.00592
601e-9 1.86121 0.0059
602e-9 1.8609 0.00589
603e-9 1.86059 0.00587
604e-9 1.86028 0.00586
605e-9 1.85997 0.00584
606e-9 1.85966 0.00583
607e-9 1.85936 0.00581
608e-9 1.85906 0.00579
609e-9 1.85876 0.00578
610e-9 1.85846 0.00576
611e-9 1.85816 0.00575
612e-9 1.85786 0.00573
613e-9 1.85757 0.00572
614e-9 1.85728 0.0057
615e-9 1.85698 0.00569
616e-9 1.8567 0.00567
617e-9 1.85641 0.00566
618e-9 1.85612 0.00564
619e-9 1.85583 0.00563
620e-9 1.85555 0.00561
621e-9 1.85527 0.0056
622e-9 1.85499 0.00558
623e-9 1.85471 0.00557
624e-9 1.85443 0.00556
625e-9 1.85415 0.00554
626e-9 1.85387 0.00553
627e-9 1.8536 0.00551
628e-9 1.85333 0.0055
629e-9 1.85306 0.00549
630e-9 1.85279 0.00547
631e-9 1.85252 0.00546
632e-9 1.85225 0.00544
633e-9 1.85199 0.00543
634e-9 1.85172 0.00542
635e-9 1.85146 0.00541
636e-9 1.8512 0.00539
637e-9 1.85093 0.00538
638e-9 1.85068 0.00537
639e-9 1.85042 0.00535
640e-9 1.85016 0.00534
641e-9 1.8499 0.00533
642e-9 1.84965 0.00531
643e-9 1.8494 0.0053
644e-9 1.84915 0.00529
645e-9 1.84889 0.00528
646e-9 1.84865 0.00526
647e-9 1.8484 0.00525
648e-9 1.84815 0.00524
649e-9 1.84791 0.00523
650e-9 1.84766 0.00521
651e-9 1.84742 0.0052
652e-9 1.84718 0.00519
653e-9 1.84693 0.00518
654e-9 1.84669 0.00517
655e-9 1.84646 0.00515
656e-9 1.84622 0.00514
657e-9 1.84598 0.00513
658e-9 1.84575 0.00512
659e-9 1.84551 0.00511
660e-9 1.84528 0.00509
661e-9 1.84505 0.00508
662e-9 1.84482 0.00507
663e-9 1.84459 0.00506
664e-9 1.84436 0.00505
665e-9 1.84413 0.00504
666e-9 1.8439 0.00502
667e-9 1.84368 0.00501
668e-9 1.84345 0.005
669e-9 1.84323 0.00499
670e-9 1.84301 0.00498
671e-9 1.84279 0.00497
672e-9 1.84257 0.00496
673e-9 1.84235 0.00495
674e-9 1.84213 0.00494
675e-9 1.84191 0.00493
676e-9 1.8417 0.00492
677e-9 1.84148 0.00491
678e-9 1.84127 0.00489
679e-9 1.84106 0.00488
680e-9 1.84084 0.00487
681e-9 1.84063 0.00486
682e-9 1.84042 0.00485
683e-9 1.84021 0.00484
684e-9 1.84001 0.00483
685e-9 1.8398 0.00482
686e-9 1.83959 0.00481
687e-9 1.83939 0.0048
688e-9 1.83918 0.00479
689e-9 1.83898 0.00478
690e-9 1.83878 0.00477
691e-9 1.83858 0.00476
692e-9 1.83837 0.00475
693e-9 1.83817 0.00474
694e-9 1.83798 0.00473
695e-9 1.83778 0.00472
696e-9 1.83758 0.00471
697e-9 1.83738 0.0047
698e-9 1.83719 0.00469
699e-9 1.83699 0.00468
700e-9 1.8368 0.00467
701e-9 1.83661 0.00466
702e-9 1.83642 0.00466
703e-9 1.83623 0.00465
704e-9 1.83604 0.00464
705e-9 1.83585 0.00463
706e-9 1.83566 0.00462
707e-9 1.83547 0.00461
708e-9 1.83528 0.0046
709e-9 1.8351 0.00459
710e-9 1.83491 0.00458
711e-9 1.83473 0.00457
712e-9 1.83455 0.00456
713e-9 1.83436 0.00455
714e-9 1.83418 0.00455
715e-9 1.834 0.00454
716e-9 1.83382 0.00453
717e-9 1.83364 0.00452
718e-9 1.83346 0.00451
719e-9 1.83328 0.0045
720e-9 1.83311 0.00449
721e-9 1.83293 0.00448
722e-9 1.83275 0.00448
723e-9 1.83258 0.00447
724e-9 1.83241 0.00446
725e-9 1.83223 0.00445
726e-9 1.83206 0.00444
727e-9 1.83189 0.00443
728e-9 1.83172 0.00443
729e-9 1.83155 0.00442
730e-9 1.83138 0.00441
731e-9 1.83121 0.0044
732e-9 1.83104 0.00439
733e-9 1.83087 0.00438
734e-9 1.8307 0.00438
735e-9 1.83054 0.00437
736e-9 1.83037 0.00436
737e-9 1.83021 0.00435
738e-9 1.83005 0.00434
739e-9 1.82988 0.00434
740e-9 1.82972 0.00433
741e-9 1.82956 0.00432
742e-9 1.8294 0.00431
743e-9 1.82924 0.00431
744e-9 1.82908 0.0043
745e-9 1.82892 0.00429
746e-9 1.82876 0.00428
747e-9 1.8286 0.00427
748e-9 1.82844 0.00427
749e-9 1.82829 0.00426
750e-9 1.82813 0.00425
751e-9 1.82798 0.00424
752e-9 1.82782 0.00424
753e-9 1.82767 0.00423
754e-9 1.82751 0.00422
755e-9 1.82736 0.00421
756e-9 1.82721 0.00421
757e-9 1.82706 0.0042
758e-9 1.82691 0.00419
759e-9 1.82676 0.00419
760e-9 1.82661 0.00418
761e-9 1.82646 0.00417
762e-9 1.82631 0.00416
763e-9 1.82616 0.00416
764e-9 1.82601 0.00415
765e-9 1.82587 0.00414
766e-9 1.82572 0.00414
767e-9 1.82558 0.00413
768e-9 1.82543 0.00412
769e-9 1.82529 0.00412
770e-9 1.82514 0.00411
771e-9 1.825 0.0041
772e-9 1.82486 0.00409
773e-9 1.82472 0.00409
774e-9 1.82458 0.00408
775e-9 1.82444 0.00407
776e-9 1.8243 0.00407
777e-9 1.82416 0.00406
778e-9 1.82402 0.00405
779e-9 1.82388 0.00405
780e-9 1.82374 0.00404
781e-9 1.8236 0.00403
782e-9 1.82347 0.00403
783e-9 1.82333 0.00402
784e-9 1.82319 0.00401
785e-9 1.82306 0.00401
786e-9 1.82292 0.004
787e-9 1.82279 0.004
788e-9 1.82266 0.00399
789e-9 1.82252 0.00398
790e-9 1.82239 0.00398
791e-9 1.82226 0.00397
792e-9 1.82213 0.00396
793e-9 1.822 0.00396
794e-9 1.82187 0.00395
795e-9 1.82174 0.00394
796e-9 1.82161 0.00394
797e-9 1.82148 0.00393
798e-9 1.82135 0.00393
799e-9 1.82122 0.00392
800e-9 1.82109 0.00391
