lambda n k
300e-9 2.23691 0.71264
301e-9 2.22873 0.70124
302e-9 2.22054 0.68985
303e-9 2.21236 0.67845
304e-9 2.20417 0.66706
305e-9 2.19599 0.65566
306e-9 2.18781 0.64426
307e-9 2.17962 0.63287
308e-9 2.17144 0.62147
309e-9 2.16325 0.61008
310e-9 2.15507 0.59868
311e-9 2.14178 0.59685
312e-9 2.12849 0.59501
313e-9 2.1152 0.59318
314e-9 2.10191 0.59135
315e-9 2.08863 0.58952
316e-9 2.07534 0.58768
317e-9 2.06205 0.58585
318e-9 2.04876 0.58402
319e-9 2.03547 0.58218
320e-9 2.02218 0.58035
321e-9 2.01426 0.59391
322e-9 2.00634 0.60746
323e-9 1.99842 0.62102
324e-9 1.9905 0.63457
325e-9 1.98258 0.64813
326e-9 1.97466 0.66169
327e-9 1.96674 0.67524
328e-9 1.95882 0.6888
329e-9 1.9509 0.70235
330e-9 1.94298 0.71591
331e-9 1.95549 0.73231
332e-9 1.96799 0.7487
333e-9 1.9805 0.7651
334e-9 1.993 0.7815
335e-9 2.00551 0.7979
336e-9 2.01802 0.81429
337e-9 2.03052 0.83069
338e-9 2.04303 0.84709
339e-9 2.05553 0.86348
340e-9 2.06804 0.87988
341e-9 2.09163 0.87902
342e-9 2.11522 0.87816
343e-9 2.1388 0.87731
344e-9 2.16239 0.87645
345e-9 2.18598 0.87559
346e-9 2.20957 0.87473
347e-9 2.23316 0.87387
348e-9 2.25674 0.87302
349e-9 2.28033 0.87216
350e-9 2.30392 0.8713
351e-9 2.31988 0.85468
352e-9 2.33584 0.83805
353e-9 2.3518 0.82143
354e-9 2.36776 0.8048
355e-9 2.38372 0.78818
356e-9 2.39968 0.77156
357e-9 2.41564 0.75493
358e-9 2.4316 0.73831
359e-9 2.44756 0.72168
360e-9 2.46352 0.70506
361e-9 2.46579 0.68531
362e-9 2.46805 0.66556
363e-9 2.47032 0.64582
364e-9 2.47258 0.62607
365e-9 2.47485 0.60632
366e-9 2.47712 0.58657
367e-9 2.47938 0.56682
368e-9 2.48165 0.54708
369e-9 2.48391 0.52733
370e-9 2.48618 0.50758
371e-9 2.47945 0.49372
372e-9 2.47272 0.47985
373e-9 2.46599 0.46599
374e-9 2.45926 0.45212
375e-9 2.45254 0.43826
376e-9 2.44581 0.42439
377e-9 2.43908 0.41053
378e-9 2.43235 0.39666
379e-9 2.42562 0.3828
380e-9 2.41889 0.36893
381e-9 2.41011 0.36256
382e-9 2.40133 0.35619
383e-9 2.39254 0.34982
384e-9 2.38376 0.34345
385e-9 2.37498 0.33708
386e-9 2.3662 0.3307
387e-9 2.35742 0.32433
388e-9 2.34863 0.31796
389e-9 2.33985 0.31159
390e-9 2.33107 0.30522
391e-9 2.3242 0.30378
392e-9 2.31733 0.30233
393e-9 2.31046 0.30089
394e-9 2.30359 0.29944
395e-9 2.29673 0.298
396e-9 2.28986 0.29655
397e-9 2.28299 0.29511
398e-9 2.27612 0.29366
399e-9 2.26925 0.29222
400e-9 2.26238 0.29077
401e-9 2.25821 0.29146
402e-9 2.25403 0.29214
403e-9 2.24986 0.29283
404e-9 2.24569 0.29351
405e-9 2.24152 0.2942
406e-9 2.23734 0.29488
407e-9 2.23317 0.29557
408e-9 2.229 0.29625
409e-9 2.22482 0.29694
410e-9 2.22065 0.29762
411e-9 2.21864 0.29886
412e-9 2.21662 0.30011
413e-9 2.21461 0.30135
414e-9 2.21259 0.3026
415e-9 2.21058 0.30384
416e-9 2.20856 0.30508
417e-9 2.20655 0.30633
418e-9 2.20453 0.30757
419e-9 2.20252 0.30882
420e-9 2.2005 0.31006
421e-9 2.20001 0.31121
422e-9 2.19952 0.31237
423e-9 2.19903 0.31352
424e-9 2.19854 0.31468
425e-9 2.19805 0.31583
426e-9 2.19755 0.31698
427e-9 2.19706 0.31814
428e-9 2.19657 0.31929
429e-9 2.19608 0.32045
430e-9 2.19559 0.3216
431e-9 2.1962 0.32239
432e-9 2.19681 0.32318
433e-9 2.19742 0.32397
434e-9 2.19803 0.32476
435e-9 2.19864 0.32556
436e-9 2.19925 0.32635
437e-9 2.19986 0.32714
438e-9 2.20047 0.32793
439e-9 2.20108 0.32872
440e-9 2.20169 0.32951
441e-9 2.20311 0.32977
442e-9 2.20454 0.33002
443e-9 2.20596 0.33028
444e-9 2.20739 0.33053
445e-9 2.20881 0.33079
446e-9 2.21023 0.33105
447e-9 2.21166 0.3313
448e-9 2.21308 0.33156
449e-9 2.21451 0.33181
450e-9 2.21593 0.33207
451e-9 2.21793 0.33164
452e-9 2.21993 0.33121
453e-9 2.22193 0.33078
454e-9 2.22393 0.33035
455e-9 2.22593 0.32992
456e-9 2.22792 0.32949
457e-9 2.22992 0.32906
458e-9 2.23192 0.32863
459e-9 2.23392 0.3282
460e-9 2.23592 0.32777
461e-9 2.23823 0.32652
462e-9 2.24054 0.32527
463e-9 2.24286 0.32402
464e-9 2.24517 0.32277
465e-9 2.24748 0.32153
466e-9 2.24979 0.32028
467e-9 2.2521 0.31903
468e-9 2.25442 0.31778
469e-9 2.25673 0.31653
470e-9 2.25904 0.31528
471e-9 2.26136 0.31314
472e-9 2.26367 0.311
473e-9 2.26599 0.30885
474e-9 2.2683 0.30671
475e-9 2.27062 0.30457
476e-9 2.27294 0.30243
477e-9 2.27525 0.30029
478e-9 2.27757 0.29814
479e-9 2.27988 0.296
480e-9 2.2822 0.29386
481e-9 2.28417 0.29085
482e-9 2.28614 0.28783
483e-9 2.28811 0.28482
484e-9 2.29008 0.28181
485e-9 2.29205 0.2788
486e-9 2.29402 0.27578
487e-9 2.29599 0.27277
488e-9 2.29796 0.26976
489e-9 2.29993 0.26674
490e-9 2.3019 0.26373
491e-9 2.30318 0.26001
492e-9 2.30446 0.2563
493e-9 2.30574 0.25258
494e-9 2.30702 0.24887
495e-9 2.3083 0.24515
496e-9 2.30957 0.24143
497e-9 2.31085 0.23772
498e-9 2.31213 0.234
499e-9 2.31341 0.23029
500e-9 2.31469 0.22657
501e-9 2.31501 0.22247
502e-9 2.31534 0.21836
503e-9 2.31566 0.21426
504e-9 2.31598 0.21016
505e-9 2.31631 0.20606
506e-9 2.31663 0.20195
507e-9 2.31695 0.19785
508e-9 2.31727 0.19375
509e-9 2.3176 0.18964
510e-9 2.31792 0.18554
511e-9 2.31719 0.18147
512e-9 2.31646 0.1774
513e-9 2.31573 0.17332
514e-9 2.315 0.16925
515e-9 2.31427 0.16518
516e-9 2.31353 0.16111
517e-9 2.3128 0.15704
518e-9 2.31207 0.15296
519e-9 2.31134 0.14889
520e-9 2.31061 0.14482
521e-9 2.30893 0.1412
522e-9 2.30724 0.13758
523e-9 2.30556 0.13395
524e-9 2.30388 0.13033
525e-9 2.3022 0.12671
526e-9 2.30051 0.12309
527e-9 2.29883 0.11947
528e-9 2.29715 0.11584
529e-9 2.29546 0.11222
530e-9 2.29378 0.1086
531e-9 2.29143 0.10574
532e-9 2.28908 0.10289
533e-9 2.28672 0.10003
534e-9 2.28437 0.09718
535e-9 2.28202 0.09432
536e-9 2.27967 0.09146
537e-9 2.27732 0.08861
538e-9 2.27496 0.08575
539e-9 2.27261 0.0829
540e-9 2.27026 0.08004
541e-9 2.26761 0.07809
542e-9 2.26496 0.07615
543e-9 2.26231 0.0742
544e-9 2.25966 0.07226
545e-9 2.25702 0.07031
546e-9 2.25437 0.06836
547e-9 2.25172 0.06642
548e-9 2.24907 0.06447
549e-9 2.24642 0.06253
550e-9 2.24377 0.06058
551e-9 2.24119 0.05951
552e-9 2.23861 0.05844
553e-9 2.23603 0.05736
554e-9 2.23345 0.05629
555e-9 2.23087 0.05522
556e-9 2.22828 0.05415
557e-9 2.2257 0.05308
558e-9 2.22312 0.052
559e-9 2.22054 0.05093
560e-9 2.21796 0.04986
561e-9 2.21573 0.0495
562e-9 2.21351 0.04914
563e-9 2.21128 0.04878
564e-9 2.20906 0.04842
565e-9 2.20683 0.04807
566e-9 2.2046 0.04771
567e-9 2.20238 0.04735
568e-9 2.20015 0.04699
569e-9 2.19793 0.04663
570e-9 2.1957 0.04627
571e-9 2.19404 0.04641
572e-9 2.19238 0.04654
573e-9 2.19072 0.04668
574e-9 2.18906 0.04682
575e-9 2.1874 0.04696
576e-9 2.18574 0.04709
577e-9 2.18408 0.04723
578e-9 2.18242 0.04737
579e-9 2.18076 0.0475
580e-9 2.1791 0.04764
581e-9 2.17818 0.04782
582e-9 2.17727 0.04801
583e-9 2.17635 0.04819
584e-9 2.17544 0.04837
585e-9 2.17452 0.04856
586e-9 2.1736 0.04874
587e-9 2.17269 0.04892
588e-9 2.17177 0.0491
589e-9 2.17086 0.04929
590e-9 2.16994 0.04947
591e-9 2.16938 0.04936
592e-9 2.16881 0.04925
593e-9 2.16825 0.04914
594e-9 2.16768 0.04903
595e-9 2.16712 0.04893
596e-9 2.16655 0.04882
597e-9 2.16599 0.04871
598e-9 2.16542 0.0486
599e-9 2.16486 0.04849
600e-9 2.16429 0.04838
601e-9 2.16384 0.04803
602e-9 2.16338 0.04767
603e-9 2.16293 0.04732
604e-9 2.16247 0.04696
605e-9 2.16202 0.04661
606e-9 2.16157 0.04626
607e-9 2.16111 0.0459
608e-9 2.16066 0.04555
609e-9 2.1602 0.04519
610e-9 2.15975 0.04484
611e-9 2.15928 0.04432
612e-9 2.15881 0.0438
613e-9 2.15834 0.04327
614e-9 2.15787 0.04275
615e-9 2.15741 0.04223
616e-9 2.15694 0.04171
617e-9 2.15647 0.04119
618e-9 2.156 0.04066
619e-9 2.15553 0.04014
620e-9 2.15506 0.03962
621e-9 2.15452 0.03901
622e-9 2.15398 0.0384
623e-9 2.15343 0.03779
624e-9 2.15289 0.03718
625e-9 2.15235 0.03658
626e-9 2.15181 0.03597
627e-9 2.15127 0.03536
628e-9 2.15072 0.03475
629e-9 2.15018 0.03414
630e-9 2.14964 0.03353
631e-9 2.14901 0.03291
632e-9 2.14838 0.03229
633e-9 2.14775 0.03166
634e-9 2.14712 0.03104
635e-9 2.14649 0.03042
636e-9 2.14585 0.0298
637e-9 2.14522 0.02918
638e-9 2.14459 0.02855
639e-9 2.14396 0.02793
640e-9 2.14333 0.02731
641e-9 2.14262 0.02673
642e-9 2.14192 0.02614
643e-9 2.14121 0.02556
644e-9 2.14051 0.02497
645e-9 2.1398 0.02439
646e-9 2.13909 0.02381
647e-9 2.13839 0.02322
648e-9 2.13768 0.02264
649e-9 2.13698 0.02205
650e-9 2.13627 0.02147
651e-9 2.13551 0.02096
652e-9 2.13476 0.02045
653e-9 2.134 0.01994
654e-9 2.13324 0.01943
655e-9 2.13249 0.01892
656e-9 2.13173 0.0184
657e-9 2.13097 0.01789
658e-9 2.13021 0.01738
659e-9 2.12946 0.01687
660e-9 2.1287 0.01636
661e-9 2.12792 0.01594
662e-9 2.12715 0.01551
663e-9 2.12637 0.01509
664e-9 2.1256 0.01466
665e-9 2.12482 0.01424
666e-9 2.12404 0.01382
667e-9 2.12327 0.01339
668e-9 2.12249 0.01297
669e-9 2.12172 0.01254
670e-9 2.12094 0.01212
671e-9 2.12017 0.01178
672e-9 2.1194 0.01145
673e-9 2.11863 0.01111
674e-9 2.11786 0.01077
675e-9 2.11709 0.01044
676e-9 2.11631 0.0101
677e-9 2.11554 0.00976
678e-9 2.11477 0.00942
679e-9 2.114 0.00909
680e-9 2.11323 0.00875
681e-9 2.11249 0.00849
682e-9 2.11174 0.00823
683e-9 2.111 0.00798
684e-9 2.11025 0.00772
685e-9 2.10951 0.00746
686e-9 2.10876 0.0072
687e-9 2.10802 0.00694
688e-9 2.10727 0.00669
689e-9 2.10653 0.00643
690e-9 2.10578 0.00617
691e-9 2.10508 0.00598
692e-9 2.10437 0.00579
693e-9 2.10367 0.0056
694e-9 2.10296 0.00541
695e-9 2.10226 0.00522
696e-9 2.10155 0.00502
697e-9 2.10085 0.00483
698e-9 2.10014 0.00464
699e-9 2.09944 0.00445
700e-9 2.09873 0.00426
701e-9 2.09807 0.00412
702e-9 2.09741 0.00399
703e-9 2.09675 0.00385
704e-9 2.09609 0.00371
705e-9 2.09544 0.00358
706e-9 2.09478 0.00344
707e-9 2.09412 0.0033
708e-9 2.09346 0.00316
709e-9 2.0928 0.00303
710e-9 2.09214 0.00289
711e-9 2.09153 0.00279
712e-9 2.09092 0.0027
713e-9 2.09031 0.0026
714e-9 2.0897 0.0025
715e-9 2.08909 0.00241
716e-9 2.08848 0.00231
717e-9 2.08787 0.00221
718e-9 2.08726 0.00211
719e-9 2.08665 0.00202
720e-9 2.08604 0.00192
721e-9 2.08548 0.00185
722e-9 2.08491 0.00179
723e-9 2.08435 0.00172
724e-9 2.08379 0.00166
725e-9 2.08323 0.00159
726e-9 2.08266 0.00152
727e-9 2.0821 0.00146
728e-9 2.08154 0.00139
729e-9 2.08097 0.00133
730e-9 2.08041 0.00126
731e-9 2.07989 0.00122
732e-9 2.07938 0.00117
733e-9 2.07886 0.00113
734e-9 2.07834 0.00108
735e-9 2.07783 0.00104
736e-9 2.07731 0.000994139
737e-9 2.07679 0.000949829
738e-9 2.07627 0.000905518
739e-9 2.07576 0.000861208
740e-9 2.07524 0.000816898
741e-9 2.07476 0.000787481
742e-9 2.07429 0.000758064
743e-9 2.07381 0.000728647
744e-9 2.07334 0.00069923
745e-9 2.07286 0.000669813
746e-9 2.07238 0.000640395
747e-9 2.07191 0.000610978
748e-9 2.07143 0.000581561
749e-9 2.07096 0.000552144
750e-9 2.07048 0.000522727
751e-9 2.07004 0.000503554
752e-9 2.0696 0.000484381
753e-9 2.06917 0.000465207
754e-9 2.06873 0.000446034
755e-9 2.06829 0.000426861
756e-9 2.06785 0.000407688
757e-9 2.06741 0.000388515
758e-9 2.06698 0.000369341
759e-9 2.06654 0.000350168
760e-9 2.0661 0.000330995
761e-9 2.06569 0.000318662
762e-9 2.06529 0.000306329
763e-9 2.06488 0.000293996
764e-9 2.06448 0.000281663
765e-9 2.06407 0.00026933
766e-9 2.06366 0.000256996
767e-9 2.06326 0.000244663
768e-9 2.06285 0.00023233
769e-9 2.06245 0.000219997
770e-9 2.06204 0.000207664
771e-9 2.06166 0.000199822
772e-9 2.06129 0.000191979
773e-9 2.06091 0.000184137
774e-9 2.06053 0.000176295
775e-9 2.06016 0.000168453
776e-9 2.05978 0.00016061
777e-9 2.0594 0.000152768
778e-9 2.05902 0.000144926
779e-9 2.05865 0.000137083
780e-9 2.05827 0.000129241
781e-9 2.05792 0.000124304
782e-9 2.05757 0.000119368
783e-9 2.05722 0.000114431
784e-9 2.05687 0.000109494
785e-9 2.05652 0.000104557
786e-9 2.05617 9.96207e-05
787e-9 2.05582 9.4684e-05
788e-9 2.05547 8.97472e-05
789e-9 2.05512 8.48105e-05
790e-9 2.05477 7.98738e-05
791e-9 2.05444 7.67932e-05
792e-9 2.05411 7.37126e-05
793e-9 2.05379 7.0632e-05
794e-9 2.05346 6.75514e-05
795e-9 2.05313 6.44708e-05
796e-9 2.0528 6.13902e-05
797e-9 2.05247 5.83096e-05
798e-9 2.05215 5.5229e-05
799e-9 2.05182 5.21484e-05
800e-9 2.05149 4.90678e-05
801e-9 2.05118 4.716e-05
802e-9 2.05088 4.52521e-05
803e-9 2.05057 4.33443e-05
804e-9 2.05026 4.14364e-05
805e-9 2.04996 3.95286e-05
806e-9 2.04965 3.76207e-05
807e-9 2.04934 3.57129e-05
808e-9 2.04903 3.3805e-05
809e-9 2.04873 3.18972e-05
810e-9 2.04842 2.99893e-05
811e-9 2.04813 2.88154e-05
812e-9 2.04784 2.76415e-05
813e-9 2.04756 2.64676e-05
814e-9 2.04727 2.52937e-05
815e-9 2.04698 2.41198e-05
816e-9 2.04669 2.29459e-05
817e-9 2.0464 2.1772e-05
818e-9 2.04612 2.05981e-05
819e-9 2.04583 1.94242e-05
820e-9 2.04554 1.82503e-05
821e-9 2.04527 1.7532e-05
822e-9 2.045 1.68137e-05
823e-9 2.04472 1.60954e-05
824e-9 2.04445 1.53771e-05
825e-9 2.04418 1.46588e-05
826e-9 2.04391 1.39404e-05
827e-9 2.04364 1.32221e-05
828e-9 2.04336 1.25038e-05
829e-9 2.04309 1.17855e-05
830e-9 2.04282 1.10672e-05
831e-9 2.04256 1.06297e-05
832e-9 2.04231 1.01922e-05
833e-9 2.04205 9.75474e-06
834e-9 2.0418 9.31725e-06
835e-9 2.04154 8.87976e-06
836e-9 2.04128 8.44227e-06
837e-9 2.04103 8.00478e-06
838e-9 2.04077 7.5673e-06
839e-9 2.04052 7.12981e-06
840e-9 2.04026 6.69232e-06
841e-9 2.04002 6.42689e-06
842e-9 2.03977 6.16145e-06
843e-9 2.03953 5.89602e-06
844e-9 2.03929 5.63058e-06
845e-9 2.03905 5.36515e-06
846e-9 2.0388 5.09972e-06
847e-9 2.03856 4.83428e-06
848e-9 2.03832 4.56885e-06
849e-9 2.03807 4.30341e-06
850e-9 2.03783 4.03798e-06
851e-9 2.0376 3.87744e-06
852e-9 2.03737 3.7169e-06
853e-9 2.03714 3.55636e-06
854e-9 2.03691 3.39582e-06
855e-9 2.03668 3.23528e-06
856e-9 2.03645 3.07473e-06
857e-9 2.03622 2.91419e-06
858e-9 2.03599 2.75365e-06
859e-9 2.03576 2.59311e-06
860e-9 2.03553 2.43257e-06
861e-9 2.03531 2.33571e-06
862e-9 2.03509 2.23885e-06
863e-9 2.03487 2.14199e-06
864e-9 2.03465 2.04513e-06
865e-9 2.03444 1.94827e-06
866e-9 2.03422 1.8514e-06
867e-9 2.034 1.75454e-06
868e-9 2.03378 1.65768e-06
869e-9 2.03356 1.56082e-06
870e-9 2.03334 1.46396e-06
871e-9 2.03313 1.40563e-06
872e-9 2.03292 1.3473e-06
873e-9 2.03272 1.28896e-06
874e-9 2.03251 1.23063e-06
875e-9 2.0323 1.1723e-06
876e-9 2.03209 1.11397e-06
877e-9 2.03188 1.05563e-06
878e-9 2.03168 9.97302e-07
879e-9 2.03147 9.3897e-07
880e-9 2.03126 8.80638e-07
881e-9 2.03106 8.45553e-07
882e-9 2.03086 8.10468e-07
883e-9 2.03067 7.75383e-07
884e-9 2.03047 7.40298e-07
885e-9 2.03027 7.05213e-07
886e-9 2.03007 6.70127e-07
887e-9 2.02987 6.35042e-07
888e-9 2.02968 5.99957e-07
889e-9 2.02948 5.64872e-07
890e-9 2.02928 5.29787e-07
891e-9 2.02909 5.087e-07
892e-9 2.0289 4.87613e-07
893e-9 2.02871 4.66527e-07
894e-9 2.02852 4.4544e-07
895e-9 2.02834 4.24353e-07
896e-9 2.02815 4.03266e-07
897e-9 2.02796 3.82179e-07
898e-9 2.02777 3.61093e-07
899e-9 2.02758 3.40006e-07
900e-9 2.02739 3.18919e-07
901e-9 2.02721 3.06248e-07
902e-9 2.02703 2.93577e-07
903e-9 2.02685 2.80907e-07
904e-9 2.02667 2.68236e-07
905e-9 2.02649 2.55565e-07
906e-9 2.02631 2.42894e-07
907e-9 2.02613 2.30223e-07
908e-9 2.02595 2.17553e-07
909e-9 2.02577 2.04882e-07
910e-9 2.02559 1.92211e-07
911e-9 2.02542 1.84596e-07
912e-9 2.02525 1.7698e-07
913e-9 2.02507 1.69365e-07
914e-9 2.0249 1.61749e-07
915e-9 2.02473 1.54134e-07
916e-9 2.02456 1.46518e-07
917e-9 2.02439 1.38903e-07
918e-9 2.02421 1.31287e-07
919e-9 2.02404 1.23672e-07
920e-9 2.02387 1.16056e-07
921e-9 2.02371 1.11475e-07
922e-9 2.02354 1.06895e-07
923e-9 2.02338 1.02314e-07
924e-9 2.02321 9.77338e-08
925e-9 2.02305 9.31532e-08
926e-9 2.02288 8.85726e-08
927e-9 2.02272 8.39921e-08
928e-9 2.02255 7.94115e-08
929e-9 2.02239 7.4831e-08
930e-9 2.02222 7.02504e-08
931e-9 2.02206 6.7492e-08
932e-9 2.0219 6.47335e-08
933e-9 2.02175 6.19751e-08
934e-9 2.02159 5.92166e-08
935e-9 2.02143 5.64582e-08
936e-9 2.02127 5.36997e-08
937e-9 2.02111 5.09413e-08
938e-9 2.02096 4.81828e-08
939e-9 2.0208 4.54244e-08
940e-9 2.02064 4.26659e-08
941e-9 2.02049 4.10019e-08
942e-9 2.02034 3.93378e-08
943e-9 2.02018 3.76738e-08
944e-9 2.02003 3.60097e-08
945e-9 2.01988 3.43457e-08
946e-9 2.01973 3.26817e-08
947e-9 2.01958 3.10176e-08
948e-9 2.01942 2.93536e-08
949e-9 2.01927 2.76895e-08
950e-9 2.01912 2.60255e-08
951e-9 2.01898 2.50194e-08
952e-9 2.01883 2.40132e-08
953e-9 2.01869 2.30071e-08
954e-9 2.01854 2.20009e-08
955e-9 2.0184 2.09948e-08
956e-9 2.01825 1.99886e-08
957e-9 2.01811 1.89825e-08
958e-9 2.01796 1.79763e-08
959e-9 2.01782 1.69702e-08
960e-9 2.01767 1.5964e-08
961e-9 2.01753 1.53539e-08
962e-9 2.01739 1.47437e-08
963e-9 2.01725 1.41336e-08
964e-9 2.01711 1.35234e-08
965e-9 2.01698 1.29133e-08
966e-9 2.01684 1.23031e-08
967e-9 2.0167 1.1693e-08
968e-9 2.01656 1.10828e-08
969e-9 2.01642 1.04727e-08
970e-9 2.01628 9.86256e-09
971e-9 2.01615 9.49119e-09
972e-9 2.01601 9.11981e-09
973e-9 2.01588 8.74844e-09
974e-9 2.01574 8.37706e-09
975e-9 2.01561 8.00569e-09
976e-9 2.01548 7.63432e-09
977e-9 2.01534 7.26294e-09
978e-9 2.01521 6.89157e-09
979e-9 2.01507 6.52019e-09
980e-9 2.01494 6.14882e-09
981e-9 2.01481 5.92173e-09
982e-9 2.01468 5.69465e-09
983e-9 2.01455 5.46756e-09
984e-9 2.01442 5.24047e-09
985e-9 2.0143 5.01339e-09
986e-9 2.01417 4.7863e-09
987e-9 2.01404 4.55921e-09
988e-9 2.01391 4.33212e-09
989e-9 2.01378 4.10504e-09
990e-9 2.01365 3.87795e-09
991e-9 2.01353 3.73829e-09
992e-9 2.0134 3.59863e-09
993e-9 2.01328 3.45896e-09
994e-9 2.01315 3.3193e-09
995e-9 2.01303 3.17964e-09
996e-9 2.01291 3.03998e-09
997e-9 2.01278 2.90032e-09
998e-9 2.01266 2.76065e-09
999e-9 2.01253 2.62099e-09
1000e-9 2.01241 2.48133e-09
1001e-9 2.01229 2.39482e-09
1002e-9 2.01217 2.30831e-09
1003e-9 2.01205 2.22179e-09
1004e-9 2.01193 2.13528e-09
1005e-9 2.01182 2.04877e-09
1006e-9 2.0117 1.96226e-09
1007e-9 2.01158 1.87575e-09
1008e-9 2.01146 1.78923e-09
1009e-9 2.01134 1.70272e-09
1010e-9 2.01122 1.61621e-09
1011e-9 2.01111 1.56214e-09
1012e-9 2.01099 1.50807e-09
1013e-9 2.01088 1.454e-09
1014e-9 2.01076 1.39993e-09
1015e-9 2.01065 1.34586e-09
1016e-9 2.01053 1.29178e-09
1017e-9 2.01042 1.23771e-09
1018e-9 2.0103 1.18364e-09
1019e-9 2.01019 1.12957e-09
1020e-9 2.01007 1.0755e-09
1021e-9 2.00996 1.04133e-09
1022e-9 2.00985 1.00715e-09
1023e-9 2.00974 9.72979e-10
1024e-9 2.00963 9.38805e-10
1025e-9 2.00952 9.04632e-10
1026e-9 2.0094 8.70458e-10
1027e-9 2.00929 8.36284e-10
1028e-9 2.00918 8.0211e-10
1029e-9 2.00907 7.67937e-10
1030e-9 2.00896 7.33763e-10
1031e-9 2.00885 7.11866e-10
1032e-9 2.00875 6.8997e-10
1033e-9 2.00864 6.68073e-10
1034e-9 2.00853 6.46176e-10
1035e-9 2.00843 6.2428e-10
1036e-9 2.00832 6.02383e-10
1037e-9 2.00821 5.80486e-10
1038e-9 2.0081 5.58589e-10
1039e-9 2.008 5.36693e-10
1040e-9 2.00789 5.14796e-10
1041e-9 2.00779 5.00529e-10
1042e-9 2.00768 4.86263e-10
1043e-9 2.00758 4.71996e-10
1044e-9 2.00748 4.57729e-10
1045e-9 2.00738 4.43463e-10
1046e-9 2.00727 4.29196e-10
1047e-9 2.00717 4.14929e-10
1048e-9 2.00707 4.00662e-10
1049e-9 2.00696 3.86396e-10
1050e-9 2.00686 3.72129e-10
1051e-9 2.00676 3.62647e-10
1052e-9 2.00666 3.53165e-10
1053e-9 2.00656 3.43682e-10
1054e-9 2.00646 3.342e-10
1055e-9 2.00636 3.24718e-10
1056e-9 2.00626 3.15236e-10
1057e-9 2.00616 3.05754e-10
1058e-9 2.00606 2.96271e-10
1059e-9 2.00596 2.86789e-10
1060e-9 2.00586 2.77307e-10
1061e-9 2.00576 2.70858e-10
1062e-9 2.00567 2.64408e-10
1063e-9 2.00557 2.57959e-10
1064e-9 2.00548 2.51509e-10
1065e-9 2.00538 2.4506e-10
1066e-9 2.00528 2.38611e-10
1067e-9 2.00519 2.32161e-10
1068e-9 2.00509 2.25712e-10
1069e-9 2.005 2.19262e-10
1070e-9 2.0049 2.12813e-10
1071e-9 2.00481 2.08312e-10
1072e-9 2.00471 2.0381e-10
1073e-9 2.00462 1.99309e-10
1074e-9 2.00453 1.94807e-10
1075e-9 2.00444 1.90306e-10
1076e-9 2.00434 1.85805e-10
1077e-9 2.00425 1.81303e-10
1078e-9 2.00416 1.76802e-10
1079e-9 2.00406 1.723e-10
1080e-9 2.00397 1.67799e-10
1081e-9 2.00388 1.64569e-10
1082e-9 2.00379 1.61339e-10
1083e-9 2.0037 1.58109e-10
1084e-9 2.00361 1.54879e-10
1085e-9 2.00352 1.51649e-10
1086e-9 2.00343 1.48418e-10
1087e-9 2.00334 1.45188e-10
1088e-9 2.00325 1.41958e-10
1089e-9 2.00316 1.38728e-10
1090e-9 2.00307 1.35498e-10
1091e-9 2.00298 1.33113e-10
1092e-9 2.0029 1.30729e-10
1093e-9 2.00281 1.28344e-10
1094e-9 2.00272 1.2596e-10
1095e-9 2.00264 1.23575e-10
1096e-9 2.00255 1.2119e-10
1097e-9 2.00246 1.18806e-10
1098e-9 2.00237 1.16421e-10
1099e-9 2.00229 1.14037e-10
1100e-9 2.0022 1.11652e-10
