lambda n k
300e-9 1.79768 0.1937
301e-9 1.79572 0.19028
302e-9 1.79378 0.18699
303e-9 1.79186 0.18375
304e-9 1.78996 0.18059
305e-9 1.78808 0.17752
306e-9 1.78621 0.1745
307e-9 1.78437 0.17157
308e-9 1.78254 0.1687
309e-9 1.78073 0.16588
310e-9 1.77894 0.16316
311e-9 1.77716 0.16048
312e-9 1.7754 0.15785
313e-9 1.77367 0.15531
314e-9 1.77194 0.1528
315e-9 1.77023 0.15035
316e-9 1.76854 0.14797
317e-9 1.76686 0.14561
318e-9 1.7652 0.14334
319e-9 1.76356 0.1411
320e-9 1.76193 0.13891
321e-9 1.76032 0.13678
322e-9 1.75871 0.13467
323e-9 1.75713 0.13263
324e-9 1.75556 0.13062
325e-9 1.754 0.12865
326e-9 1.75247 0.12673
327e-9 1.75094 0.12485
328e-9 1.74942 0.123
329e-9 1.74793 0.1212
330e-9 1.74644 0.11943
331e-9 1.74497 0.1177
332e-9 1.74351 0.11601
333e-9 1.74206 0.11434
334e-9 1.74063 0.11271
335e-9 1.73921 0.11112
336e-9 1.7378 0.10955
337e-9 1.73641 0.10802
338e-9 1.73503 0.10652
339e-9 1.73366 0.10504
340e-9 1.7323 0.1036
341e-9 1.73095 0.10218
342e-9 1.72962 0.1008
343e-9 1.7283 0.09944
344e-9 1.72698 0.09809
345e-9 1.72568 0.09679
346e-9 1.72439 0.0955
347e-9 1.72312 0.09424
348e-9 1.72185 0.09301
349e-9 1.72059 0.09179
350e-9 1.71935 0.0906
351e-9 1.71812 0.08943
352e-9 1.71689 0.08828
353e-9 1.71568 0.08716
354e-9 1.71448 0.08605
355e-9 1.71328 0.08496
356e-9 1.7121 0.0839
357e-9 1.71093 0.08285
358e-9 1.70977 0.08183
359e-9 1.70861 0.08082
360e-9 1.70747 0.07982
361e-9 1.70633 0.07885
362e-9 1.70521 0.07789
363e-9 1.70409 0.07695
364e-9 1.70299 0.07603
365e-9 1.70189 0.07512
366e-9 1.7008 0.07423
367e-9 1.69972 0.07335
368e-9 1.69865 0.07249
369e-9 1.69759 0.07165
370e-9 1.69653 0.07081
371e-9 1.69549 0.06999
372e-9 1.69445 0.06919
373e-9 1.69342 0.0684
374e-9 1.6924 0.06762
375e-9 1.69139 0.06686
376e-9 1.69039 0.0661
377e-9 1.68939 0.06536
378e-9 1.68841 0.06464
379e-9 1.68742 0.06392
380e-9 1.68645 0.06322
381e-9 1.68549 0.06252
382e-9 1.68453 0.06184
383e-9 1.68358 0.06117
384e-9 1.68264 0.06051
385e-9 1.6817 0.05986
386e-9 1.68078 0.05922
387e-9 1.67986 0.05859
388e-9 1.67894 0.05797
389e-9 1.67804 0.05736
390e-9 1.67714 0.05676
391e-9 1.67625 0.05617
392e-9 1.67536 0.05559
393e-9 1.67448 0.05502
394e-9 1.67361 0.05445
395e-9 1.67274 0.0539
396e-9 1.67188 0.05335
397e-9 1.67103 0.05281
398e-9 1.67018 0.05228
399e-9 1.66935 0.05176
400e-9 1.66851 0.05124
401e-9 1.66769 0.05074
402e-9 1.66686 0.05024
403e-9 1.66605 0.04974
404e-9 1.66524 0.04926
405e-9 1.66444 0.04878
406e-9 1.66364 0.04831
407e-9 1.66285 0.04785
408e-9 1.66206 0.04739
409e-9 1.66128 0.04694
410e-9 1.66051 0.04649
411e-9 1.65974 0.04605
412e-9 1.65898 0.04562
413e-9 1.65822 0.0452
414e-9 1.65747 0.04478
415e-9 1.65672 0.04437
416e-9 1.65598 0.04396
417e-9 1.65525 0.04355
418e-9 1.65452 0.04316
419e-9 1.65379 0.04276
420e-9 1.65307 0.04238
421e-9 1.65236 0.042
422e-9 1.65165 0.04162
423e-9 1.65094 0.04125
424e-9 1.65024 0.04089
425e-9 1.64955 0.04053
426e-9 1.64886 0.04017
427e-9 1.64817 0.03982
428e-9 1.64749 0.03948
429e-9 1.64682 0.03913
430e-9 1.64615 0.0388
431e-9 1.64548 0.03846
432e-9 1.64482 0.03814
433e-9 1.64416 0.03781
434e-9 1.64351 0.03749
435e-9 1.64286 0.03718
436e-9 1.64222 0.03687
437e-9 1.64158 0.03656
438e-9 1.64095 0.03625
439e-9 1.64032 0.03596
440e-9 1.63969 0.03566
441e-9 1.63907 0.03537
442e-9 1.63845 0.03508
443e-9 1.63784 0.03479
444e-9 1.63723 0.03451
445e-9 1.63662 0.03424
446e-9 1.63602 0.03396
447e-9 1.63543 0.03369
448e-9 1.63483 0.03342
449e-9 1.63424 0.03316
450e-9 1.63366 0.0329
451e-9 1.63308 0.03264
452e-9 1.6325 0.03239
453e-9 1.63193 0.03214
454e-9 1.63136 0.03189
455e-9 1.63079 0.03164
456e-9 1.63023 0.0314
457e-9 1.62967 0.03116
458e-9 1.62911 0.03092
459e-9 1.62856 0.03069
460e-9 1.62801 0.03046
461e-9 1.62747 0.03023
462e-9 1.62693 0.03
463e-9 1.62639 0.02978
464e-9 1.62586 0.02956
465e-9 1.62533 0.02934
466e-9 1.6248 0.02913
467e-9 1.62428 0.02891
468e-9 1.62376 0.0287
469e-9 1.62324 0.0285
470e-9 1.62273 0.02829
471e-9 1.62222 0.02809
472e-9 1.62171 0.02789
473e-9 1.62121 0.02769
474e-9 1.62071 0.02749
475e-9 1.62021 0.0273
476e-9 1.61971 0.02711
477e-9 1.61922 0.02692
478e-9 1.61873 0.02673
479e-9 1.61825 0.02654
480e-9 1.61777 0.02636
481e-9 1.61729 0.02618
482e-9 1.61681 0.026
483e-9 1.61634 0.02582
484e-9 1.61587 0.02564
485e-9 1.6154 0.02547
486e-9 1.61494 0.0253
487e-9 1.61448 0.02513
488e-9 1.61402 0.02496
489e-9 1.61356 0.02479
490e-9 1.61311 0.02463
491e-9 1.61266 0.02447
492e-9 1.61221 0.02431
493e-9 1.61177 0.02415
494e-9 1.61132 0.02399
495e-9 1.61088 0.02383
496e-9 1.61045 0.02368
497e-9 1.61001 0.02353
498e-9 1.60958 0.02338
499e-9 1.60915 0.02323
500e-9 1.60873 0.02308
501e-9 1.6083 0.02293
502e-9 1.60788 0.02279
503e-9 1.60746 0.02264
504e-9 1.60705 0.0225
505e-9 1.60663 0.02236
506e-9 1.60622 0.02222
507e-9 1.60581 0.02208
508e-9 1.6054 0.02195
509e-9 1.605 0.02181
510e-9 1.6046 0.02168
511e-9 1.6042 0.02155
512e-9 1.6038 0.02141
513e-9 1.60341 0.02128
514e-9 1.60302 0.02116
515e-9 1.60263 0.02103
516e-9 1.60224 0.0209
517e-9 1.60185 0.02078
518e-9 1.60147 0.02066
519e-9 1.60109 0.02053
520e-9 1.60071 0.02041
521e-9 1.60033 0.02029
522e-9 1.59996 0.02017
523e-9 1.59958 0.02006
524e-9 1.59921 0.01994
525e-9 1.59884 0.01982
526e-9 1.59848 0.01971
527e-9 1.59811 0.0196
528e-9 1.59775 0.01949
529e-9 1.59739 0.01937
530e-9 1.59704 0.01926
531e-9 1.59668 0.01916
532e-9 1.59632 0.01905
533e-9 1.59597 0.01894
534e-9 1.59562 0.01883
535e-9 1.59527 0.01873
536e-9 1.59493 0.01863
537e-9 1.59458 0.01852
538e-9 1.59424 0.01842
539e-9 1.5939 0.01832
540e-9 1.59356 0.01822
541e-9 1.59323 0.01812
542e-9 1.59289 0.01802
543e-9 1.59256 0.01792
544e-9 1.59223 0.01783
545e-9 1.5919 0.01773
546e-9 1.59157 0.01764
547e-9 1.59125 0.01754
548e-9 1.59092 0.01745
549e-9 1.5906 0.01736
550e-9 1.59028 0.01727
551e-9 1.58996 0.01718
552e-9 1.58965 0.01709
553e-9 1.58933 0.017
554e-9 1.58902 0.01691
555e-9 1.5887 0.01682
556e-9 1.58839 0.01673
557e-9 1.58809 0.01665
558e-9 1.58778 0.01656
559e-9 1.58747 0.01648
560e-9 1.58717 0.01639
561e-9 1.58687 0.01631
562e-9 1.58657 0.01623
563e-9 1.58627 0.01615
564e-9 1.58597 0.01607
565e-9 1.58568 0.01599
566e-9 1.58538 0.01591
567e-9 1.58509 0.01583
568e-9 1.5848 0.01575
569e-9 1.58451 0.01567
570e-9 1.58422 0.0156
571e-9 1.58394 0.01552
572e-9 1.58365 0.01544
573e-9 1.58337 0.01537
574e-9 1.58309 0.01529
575e-9 1.58281 0.01522
576e-9 1.58253 0.01515
577e-9 1.58225 0.01507
578e-9 1.58198 0.015
579e-9 1.5817 0.01493
580e-9 1.58143 0.01486
581e-9 1.58116 0.01479
582e-9 1.58089 0.01472
583e-9 1.58062 0.01465
584e-9 1.58035 0.01458
585e-9 1.58008 0.01452
586e-9 1.57982 0.01445
587e-9 1.57956 0.01438
588e-9 1.57929 0.01431
589e-9 1.57903 0.01425
590e-9 1.57877 0.01418
591e-9 1.57852 0.01412
592e-9 1.57826 0.01405
593e-9 1.578 0.01399
594e-9 1.57775 0.01393
595e-9 1.5775 0.01387
596e-9 1.57724 0.0138
597e-9 1.57699 0.01374
598e-9 1.57675 0.01368
599e-9 1.5765 0.01362
600e-9 1.57625 0.01356
601e-9 1.576 0.0135
602e-9 1.57576 0.01344
603e-9 1.57552 0.01338
604e-9 1.57528 0.01332
605e-9 1.57504 0.01326
606e-9 1.5748 0.01321
607e-9 1.57456 0.01315
608e-9 1.57432 0.01309
609e-9 1.57409 0.01304
610e-9 1.57385 0.01298
611e-9 1.57362 0.01292
612e-9 1.57338 0.01287
613e-9 1.57315 0.01282
614e-9 1.57292 0.01276
615e-9 1.57269 0.01271
616e-9 1.57247 0.01265
617e-9 1.57224 0.0126
618e-9 1.57201 0.01255
619e-9 1.57179 0.0125
620e-9 1.57157 0.01244
621e-9 1.57134 0.01239
622e-9 1.57112 0.01234
623e-9 1.5709 0.01229
624e-9 1.57068 0.01224
625e-9 1.57046 0.01219
626e-9 1.57025 0.01214
627e-9 1.57003 0.01209
628e-9 1.56982 0.01204
629e-9 1.5696 0.01199
630e-9 1.56939 0.01195
631e-9 1.56918 0.0119
632e-9 1.56897 0.01185
633e-9 1.56876 0.0118
634e-9 1.56855 0.01176
635e-9 1.56834 0.01171
636e-9 1.56813 0.01166
637e-9 1.56792 0.01162
638e-9 1.56772 0.01157
639e-9 1.56752 0.01153
640e-9 1.56731 0.01148
641e-9 1.56711 0.01144
642e-9 1.56691 0.01139
643e-9 1.56671 0.01135
644e-9 1.56651 0.01131
645e-9 1.56631 0.01126
646e-9 1.56611 0.01122
647e-9 1.56592 0.01118
648e-9 1.56572 0.01113
649e-9 1.56553 0.01109
650e-9 1.56533 0.01105
651e-9 1.56514 0.01101
652e-9 1.56495 0.01097
653e-9 1.56476 0.01093
654e-9 1.56456 0.01089
655e-9 1.56438 0.01085
656e-9 1.56419 0.01081
657e-9 1.564 0.01077
658e-9 1.56381 0.01073
659e-9 1.56363 0.01069
660e-9 1.56344 0.01065
661e-9 1.56326 0.01061
662e-9 1.56307 0.01057
663e-9 1.56289 0.01053
664e-9 1.56271 0.01049
665e-9 1.56253 0.01045
666e-9 1.56235 0.01042
667e-9 1.56217 0.01038
668e-9 1.56199 0.01034
669e-9 1.56181 0.01031
670e-9 1.56163 0.01027
671e-9 1.56146 0.01023
672e-9 1.56128 0.0102
673e-9 1.56111 0.01016
674e-9 1.56093 0.01013
675e-9 1.56076 0.01009
676e-9 1.56059 0.01006
677e-9 1.56042 0.01002
678e-9 1.56024 0.00999
679e-9 1.56007 0.00995
680e-9 1.55991 0.00992
681e-9 1.55974 0.00988
682e-9 1.55957 0.00985
683e-9 1.5594 0.00981
684e-9 1.55923 0.00978
685e-9 1.55907 0.00975
686e-9 1.5589 0.00971
687e-9 1.55874 0.00968
688e-9 1.55858 0.00965
689e-9 1.55841 0.00962
690e-9 1.55825 0.00958
691e-9 1.55809 0.00955
692e-9 1.55793 0.00952
693e-9 1.55777 0.00949
694e-9 1.55761 0.00946
695e-9 1.55745 0.00943
696e-9 1.55729 0.0094
697e-9 1.55714 0.00937
698e-9 1.55698 0.00933
699e-9 1.55682 0.0093
700e-9 1.55667 0.00927
701e-9 1.55651 0.00924
702e-9 1.55636 0.00921
703e-9 1.55621 0.00918
704e-9 1.55605 0.00915
705e-9 1.5559 0.00912
706e-9 1.55575 0.0091
707e-9 1.5556 0.00907
708e-9 1.55545 0.00904
709e-9 1.5553 0.00901
710e-9 1.55515 0.00898
711e-9 1.555 0.00895
712e-9 1.55486 0.00892
713e-9 1.55471 0.0089
714e-9 1.55456 0.00887
715e-9 1.55442 0.00884
716e-9 1.55427 0.00881
717e-9 1.55413 0.00878
718e-9 1.55398 0.00876
719e-9 1.55384 0.00873
720e-9 1.5537 0.0087
721e-9 1.55356 0.00868
722e-9 1.55341 0.00865
723e-9 1.55327 0.00862
724e-9 1.55313 0.0086
725e-9 1.55299 0.00857
726e-9 1.55285 0.00855
727e-9 1.55272 0.00852
728e-9 1.55258 0.0085
729e-9 1.55244 0.00847
730e-9 1.5523 0.00844
731e-9 1.55217 0.00842
732e-9 1.55203 0.00839
733e-9 1.5519 0.00837
734e-9 1.55176 0.00834
735e-9 1.55163 0.00832
736e-9 1.55149 0.00829
737e-9 1.55136 0.00827
738e-9 1.55123 0.00825
739e-9 1.5511 0.00822
740e-9 1.55096 0.0082
741e-9 1.55083 0.00817
742e-9 1.5507 0.00815
743e-9 1.55057 0.00813
744e-9 1.55044 0.0081
745e-9 1.55032 0.00808
746e-9 1.55019 0.00806
747e-9 1.55006 0.00803
748e-9 1.54993 0.00801
749e-9 1.54981 0.00799
750e-9 1.54968 0.00797
751e-9 1.54955 0.00794
752e-9 1.54943 0.00792
753e-9 1.5493 0.0079
754e-9 1.54918 0.00788
755e-9 1.54906 0.00785
756e-9 1.54893 0.00783
757e-9 1.54881 0.00781
758e-9 1.54869 0.00779
759e-9 1.54857 0.00777
760e-9 1.54844 0.00775
761e-9 1.54832 0.00772
762e-9 1.5482 0.0077
763e-9 1.54808 0.00768
764e-9 1.54796 0.00766
765e-9 1.54784 0.00764
766e-9 1.54773 0.00762
767e-9 1.54761 0.0076
768e-9 1.54749 0.00758
769e-9 1.54737 0.00756
770e-9 1.54726 0.00754
771e-9 1.54714 0.00752
772e-9 1.54703 0.0075
773e-9 1.54691 0.00748
774e-9 1.5468 0.00746
775e-9 1.54668 0.00744
776e-9 1.54657 0.00742
777e-9 1.54645 0.0074
778e-9 1.54634 0.00738
779e-9 1.54623 0.00736
780e-9 1.54612 0.00734
781e-9 1.546 0.00732
782e-9 1.54589 0.0073
783e-9 1.54578 0.00728
784e-9 1.54567 0.00726
785e-9 1.54556 0.00724
786e-9 1.54545 0.00723
787e-9 1.54534 0.00721
788e-9 1.54523 0.00719
789e-9 1.54512 0.00717
790e-9 1.54502 0.00715
791e-9 1.54491 0.00713
792e-9 1.5448 0.00712
793e-9 1.54469 0.0071
794e-9 1.54459 0.00708
795e-9 1.54448 0.00706
796e-9 1.54438 0.00704
797e-9 1.54427 0.00703
798e-9 1.54417 0.00701
799e-9 1.54406 0.00699
800e-9 1.54396 0.00697
