lambda n k
210.0e-9 1.687386 0.377056
211.0e-9 1.696696 0.377929
212.0e-9 1.704806 0.376833
213.0e-9 1.711558 0.374608
214.0e-9 1.71713 0.371958
215.0e-9 1.721982 0.369252
216.0e-9 1.726434 0.36654
217.0e-9 1.730725 0.363859
218.0e-9 1.735196 0.361197
219.0e-9 1.740219 0.358141
220.0e-9 1.745701 0.354086
221.0e-9 1.751208 0.348531
222.0e-9 1.755842 0.341181
223.0e-9 1.758568 0.33271
224.0e-9 1.759183 0.324159
225.0e-9 1.757957 0.316434
226.0e-9 1.755655 0.310253
227.0e-9 1.753327 0.30551
228.0e-9 1.75142 0.301678
229.0e-9 1.75007 0.298298
230.0e-9 1.749195 0.294971
231.0e-9 1.748531 0.291526
232.0e-9 1.747944 0.287997
233.0e-9 1.747393 0.28441
234.0e-9 1.746884 0.280785
235.0e-9 1.746486 0.277096
236.0e-9 1.746227 0.273212
237.0e-9 1.746052 0.268997
238.0e-9 1.745853 0.264332
239.0e-9 1.745454 0.259117
240.0e-9 1.744619 0.253371
241.0e-9 1.743192 0.247194
242.0e-9 1.741055 0.240676
243.0e-9 1.738088 0.233903
244.0e-9 1.734116 0.226988
245.0e-9 1.728981 0.220202
246.0e-9 1.722672 0.213855
247.0e-9 1.71527 0.208239
248.0e-9 1.706934 0.203629
249.0e-9 1.697962 0.200236
250.0e-9 1.68866 0.198059
251.0e-9 1.679211 0.197046
252.0e-9 1.669754 0.197155
253.0e-9 1.660404 0.198344
254.0e-9 1.651249 0.200582
255.0e-9 1.642378 0.203864
256.0e-9 1.633901 0.208196
257.0e-9 1.625951 0.213574
258.0e-9 1.618685 0.21999
259.0e-9 1.612315 0.227416
260.0e-9 1.607102 0.235695
261.0e-9 1.603193 0.244575
262.0e-9 1.600656 0.25381
263.0e-9 1.599514 0.263167
264.0e-9 1.599756 0.272427
265.0e-9 1.601352 0.281371
266.0e-9 1.604235 0.289768
267.0e-9 1.608281 0.297399
268.0e-9 1.613326 0.304072
269.0e-9 1.619168 0.309621
270.0e-9 1.625552 0.313906
271.0e-9 1.632137 0.316893
272.0e-9 1.638662 0.318699
273.0e-9 1.644962 0.319446
274.0e-9 1.65091 0.319244
275.0e-9 1.656394 0.318191
276.0e-9 1.661305 0.316384
277.0e-9 1.66551 0.313945
278.0e-9 1.668926 0.311066
279.0e-9 1.671532 0.307927
280.0e-9 1.673341 0.304693
281.0e-9 1.67439 0.301516
282.0e-9 1.674742 0.298539
283.0e-9 1.674497 0.295883
284.0e-9 1.673769 0.293615
285.0e-9 1.672646 0.291786
286.0e-9 1.671217 0.290444
287.0e-9 1.669579 0.289633
288.0e-9 1.66784 0.289393
289.0e-9 1.666142 0.289757
290.0e-9 1.664687 0.29069
291.0e-9 1.663612 0.292041
292.0e-9 1.662969 0.293664
293.0e-9 1.662773 0.295421
294.0e-9 1.663002 0.297188
295.0e-9 1.663606 0.298851
296.0e-9 1.664488 0.300307
297.0e-9 1.66549 0.301532
298.0e-9 1.666516 0.302601
299.0e-9 1.667529 0.303587
300.0e-9 1.668526 0.304554
301.0e-9 1.669523 0.305561
302.0e-9 1.670558 0.30666
303.0e-9 1.671699 0.307894
304.0e-9 1.673066 0.309271
305.0e-9 1.674757 0.310694
306.0e-9 1.676796 0.312058
307.0e-9 1.679178 0.313267
308.0e-9 1.681873 0.314233
309.0e-9 1.684833 0.314877
310.0e-9 1.687989 0.315128
311.0e-9 1.691239 0.314927
312.0e-9 1.694441 0.314275
313.0e-9 1.697504 0.31324
314.0e-9 1.70038 0.311886
315.0e-9 1.703038 0.310271
316.0e-9 1.705462 0.308448
317.0e-9 1.707643 0.306467
318.0e-9 1.709584 0.304373
319.0e-9 1.711295 0.302208
320.0e-9 1.712798 0.3
321.0e-9 1.714111 0.297762
322.0e-9 1.715243 0.295507
323.0e-9 1.7162 0.293245
324.0e-9 1.716989 0.29099
325.0e-9 1.717616 0.288751
326.0e-9 1.718086 0.28654
327.0e-9 1.718405 0.284367
328.0e-9 1.718571 0.282244
329.0e-9 1.718589 0.280192
330.0e-9 1.718468 0.27823
331.0e-9 1.718223 0.27638
332.0e-9 1.717872 0.27466
333.0e-9 1.717437 0.273086
334.0e-9 1.716946 0.271676
335.0e-9 1.716432 0.270442
336.0e-9 1.715938 0.269397
337.0e-9 1.715533 0.268539
338.0e-9 1.715278 0.267818
339.0e-9 1.715198 0.267171
340.0e-9 1.715301 0.266543
341.0e-9 1.715583 0.265881
342.0e-9 1.716029 0.265137
343.0e-9 1.716617 0.264264
344.0e-9 1.717313 0.263219
345.0e-9 1.718072 0.261965
346.0e-9 1.718826 0.260469
347.0e-9 1.719483 0.258744
348.0e-9 1.719991 0.256842
349.0e-9 1.720323 0.254812
350.0e-9 1.720463 0.252697
351.0e-9 1.720408 0.250539
352.0e-9 1.720159 0.248378
353.0e-9 1.719724 0.246251
354.0e-9 1.719121 0.244191
355.0e-9 1.718372 0.242233
356.0e-9 1.717515 0.240402
357.0e-9 1.716603 0.238704
358.0e-9 1.715666 0.237119
359.0e-9 1.714724 0.235631
360.0e-9 1.71379 0.234224
361.0e-9 1.712873 0.232885
362.0e-9 1.71198 0.231598
363.0e-9 1.711116 0.230351
364.0e-9 1.710281 0.229132
365.0e-9 1.709476 0.227929
366.0e-9 1.708701 0.22673
367.0e-9 1.707951 0.225526
368.0e-9 1.707221 0.224311
369.0e-9 1.706509 0.223076
370.0e-9 1.705809 0.221817
371.0e-9 1.705118 0.220527
372.0e-9 1.704432 0.219201
373.0e-9 1.703744 0.217834
374.0e-9 1.703049 0.216421
375.0e-9 1.702341 0.214956
376.0e-9 1.701611 0.213436
377.0e-9 1.700852 0.211856
378.0e-9 1.70005 0.210214
379.0e-9 1.699192 0.208511
380.0e-9 1.698269 0.206755
381.0e-9 1.697275 0.20495
382.0e-9 1.696203 0.203102
383.0e-9 1.695049 0.201216
384.0e-9 1.693808 0.199295
385.0e-9 1.692475 0.197346
386.0e-9 1.691046 0.195372
387.0e-9 1.689517 0.193377
388.0e-9 1.687882 0.191366
389.0e-9 1.686136 0.189343
390.0e-9 1.684269 0.187312
391.0e-9 1.682271 0.185288
392.0e-9 1.680139 0.183284
393.0e-9 1.677872 0.181315
394.0e-9 1.67547 0.179394
395.0e-9 1.672938 0.177535
396.0e-9 1.670278 0.175749
397.0e-9 1.667498 0.17405
398.0e-9 1.664603 0.172449
399.0e-9 1.661602 0.170958
400.0e-9 1.658506 0.169587
401.0e-9 1.655327 0.168348
402.0e-9 1.652082 0.167249
403.0e-9 1.648793 0.166297
404.0e-9 1.645481 0.165484
405.0e-9 1.64216 0.164803
406.0e-9 1.638839 0.164244
407.0e-9 1.635526 0.163801
408.0e-9 1.63223 0.163467
409.0e-9 1.628954 0.163234
410.0e-9 1.625705 0.163095
411.0e-9 1.622488 0.163045
412.0e-9 1.619304 0.163075
413.0e-9 1.616159 0.16318
414.0e-9 1.613055 0.163355
415.0e-9 1.609996 0.163591
416.0e-9 1.606986 0.163885
417.0e-9 1.604028 0.164226
418.0e-9 1.601126 0.164604
419.0e-9 1.598279 0.165008
420.0e-9 1.595486 0.165428
421.0e-9 1.592744 0.165855
422.0e-9 1.590048 0.166279
423.0e-9 1.587395 0.166691
424.0e-9 1.584778 0.167081
425.0e-9 1.582191 0.167443
426.0e-9 1.579626 0.167766
427.0e-9 1.577072 0.168045
428.0e-9 1.57452 0.16827
429.0e-9 1.571955 0.168436
430.0e-9 1.569362 0.168536
431.0e-9 1.566716 0.168567
432.0e-9 1.563995 0.168543
433.0e-9 1.561186 0.168476
434.0e-9 1.558279 0.16838
435.0e-9 1.555268 0.168268
436.0e-9 1.552148 0.168151
437.0e-9 1.548915 0.168043
438.0e-9 1.545566 0.167954
439.0e-9 1.5421 0.167896
440.0e-9 1.538516 0.16788
441.0e-9 1.534815 0.167916
442.0e-9 1.530998 0.168015
443.0e-9 1.527067 0.168188
444.0e-9 1.523024 0.168443
445.0e-9 1.518874 0.168792
446.0e-9 1.514619 0.169243
447.0e-9 1.510267 0.169805
448.0e-9 1.505823 0.170485
449.0e-9 1.501291 0.171289
450.0e-9 1.496678 0.172225
451.0e-9 1.491989 0.1733
452.0e-9 1.487231 0.174519
453.0e-9 1.48241 0.175891
454.0e-9 1.477532 0.17742
455.0e-9 1.472607 0.179113
456.0e-9 1.467642 0.180976
457.0e-9 1.462646 0.183016
458.0e-9 1.457628 0.185237
459.0e-9 1.452601 0.187646
460.0e-9 1.447575 0.190247
461.0e-9 1.442564 0.193045
462.0e-9 1.437585 0.196045
463.0e-9 1.432658 0.199248
464.0e-9 1.427805 0.202647
465.0e-9 1.423043 0.206229
466.0e-9 1.418383 0.209982
467.0e-9 1.413834 0.213894
468.0e-9 1.409403 0.217954
469.0e-9 1.405097 0.222149
470.0e-9 1.400922 0.22647
471.0e-9 1.39688 0.230903
472.0e-9 1.392976 0.23544
473.0e-9 1.389211 0.240068
474.0e-9 1.385586 0.244777
475.0e-9 1.382103 0.249556
476.0e-9 1.378761 0.254396
477.0e-9 1.375558 0.259286
478.0e-9 1.372493 0.264216
479.0e-9 1.369563 0.269177
480.0e-9 1.366764 0.27416
481.0e-9 1.364091 0.279157
482.0e-9 1.361538 0.284161
483.0e-9 1.3591 0.289167
484.0e-9 1.356773 0.29417
485.0e-9 1.354552 0.299166
486.0e-9 1.352431 0.30415
487.0e-9 1.350408 0.309116
488.0e-9 1.348475 0.314062
489.0e-9 1.346629 0.318983
490.0e-9 1.344863 0.323874
491.0e-9 1.343172 0.328733
492.0e-9 1.341549 0.333557
493.0e-9 1.339987 0.338342
494.0e-9 1.33848 0.343085
495.0e-9 1.33702 0.347785
496.0e-9 1.335598 0.352439
497.0e-9 1.334204 0.357045
498.0e-9 1.332829 0.361604
499.0e-9 1.33146 0.366114
500.0e-9 1.330081 0.370577
501.0e-9 1.32867 0.375002
502.0e-9 1.327212 0.379411
503.0e-9 1.325705 0.383826
504.0e-9 1.324148 0.388267
505.0e-9 1.322545 0.39275
506.0e-9 1.320904 0.397293
507.0e-9 1.319232 0.401911
508.0e-9 1.317544 0.406619
509.0e-9 1.315856 0.411429
510.0e-9 1.314186 0.416352
511.0e-9 1.312566 0.421392
512.0e-9 1.311026 0.426535
513.0e-9 1.30958 0.43176
514.0e-9 1.308235 0.437047
515.0e-9 1.306994 0.442378
516.0e-9 1.305857 0.447738
517.0e-9 1.30482 0.453111
518.0e-9 1.303878 0.458484
519.0e-9 1.303021 0.463844
520.0e-9 1.302239 0.46918
521.0e-9 1.301516 0.474483
522.0e-9 1.300831 0.479751
523.0e-9 1.300164 0.484995
524.0e-9 1.299509 0.490227
525.0e-9 1.298861 0.495457
526.0e-9 1.298217 0.500697
527.0e-9 1.297578 0.505953
528.0e-9 1.296945 0.511236
529.0e-9 1.29632 0.516551
530.0e-9 1.295707 0.521906
531.0e-9 1.295111 0.527308
532.0e-9 1.294537 0.532761
533.0e-9 1.293993 0.538268
534.0e-9 1.293489 0.54383
535.0e-9 1.293029 0.549444
536.0e-9 1.292617 0.555108
537.0e-9 1.292256 0.560822
538.0e-9 1.29195 0.566583
539.0e-9 1.291702 0.57239
540.0e-9 1.291514 0.578242
541.0e-9 1.291389 0.584137
542.0e-9 1.29133 0.590074
543.0e-9 1.29134 0.59605
544.0e-9 1.291421 0.602065
545.0e-9 1.291577 0.608115
546.0e-9 1.29181 0.614197
547.0e-9 1.292122 0.620306
548.0e-9 1.292514 0.626439
549.0e-9 1.292987 0.632593
550.0e-9 1.293539 0.638765
551.0e-9 1.294173 0.644952
552.0e-9 1.294887 0.651149
553.0e-9 1.295681 0.657356
554.0e-9 1.296555 0.663568
555.0e-9 1.297509 0.669784
556.0e-9 1.298541 0.676
557.0e-9 1.299652 0.682215
558.0e-9 1.300841 0.688424
559.0e-9 1.302105 0.694624
560.0e-9 1.303444 0.700813
561.0e-9 1.304854 0.706988
562.0e-9 1.306333 0.713146
563.0e-9 1.307878 0.719286
564.0e-9 1.309486 0.725406
565.0e-9 1.311153 0.731503
566.0e-9 1.312875 0.737578
567.0e-9 1.314648 0.743629
568.0e-9 1.316467 0.749656
569.0e-9 1.318325 0.75566
570.0e-9 1.320214 0.761645
571.0e-9 1.322129 0.76762
572.0e-9 1.32407 0.773592
573.0e-9 1.326039 0.779569
574.0e-9 1.328037 0.785556
575.0e-9 1.330067 0.79156
576.0e-9 1.332134 0.797583
577.0e-9 1.334242 0.80363
578.0e-9 1.336396 0.809705
579.0e-9 1.338602 0.81581
580.0e-9 1.340866 0.821947
581.0e-9 1.343195 0.828117
582.0e-9 1.345599 0.834319
583.0e-9 1.348086 0.840553
584.0e-9 1.350667 0.84681
585.0e-9 1.353346 0.85308
586.0e-9 1.356125 0.859355
587.0e-9 1.359004 0.865628
588.0e-9 1.361983 0.871893
589.0e-9 1.365061 0.878144
590.0e-9 1.368238 0.884375
591.0e-9 1.371511 0.890581
592.0e-9 1.374879 0.896757
593.0e-9 1.37834 0.902899
594.0e-9 1.381892 0.909003
595.0e-9 1.385532 0.915065
596.0e-9 1.389258 0.921082
597.0e-9 1.393068 0.927048
598.0e-9 1.396959 0.932961
599.0e-9 1.400928 0.938815
600.0e-9 1.40497 0.944607
601.0e-9 1.409081 0.950333
602.0e-9 1.413254 0.95599
603.0e-9 1.417485 0.961576
604.0e-9 1.421769 0.967089
605.0e-9 1.426099 0.972528
606.0e-9 1.430468 0.97789
607.0e-9 1.434871 0.983177
608.0e-9 1.4393 0.988386
609.0e-9 1.443748 0.99352
610.0e-9 1.448207 0.998579
611.0e-9 1.452667 1.003564
612.0e-9 1.457117 1.008482
613.0e-9 1.461548 1.013343
614.0e-9 1.465958 1.018158
615.0e-9 1.470345 1.022936
616.0e-9 1.474709 1.027685
617.0e-9 1.479049 1.032412
618.0e-9 1.483366 1.037124
619.0e-9 1.487662 1.041828
620.0e-9 1.491938 1.046529
621.0e-9 1.496194 1.051234
622.0e-9 1.500433 1.055947
623.0e-9 1.504657 1.060673
624.0e-9 1.508866 1.065418
625.0e-9 1.513063 1.070187
626.0e-9 1.517247 1.074983
627.0e-9 1.521419 1.079814
628.0e-9 1.525578 1.08469
629.0e-9 1.52973 1.089621
630.0e-9 1.53388 1.094619
631.0e-9 1.538039 1.099689
632.0e-9 1.542215 1.104842
633.0e-9 1.546418 1.110081
634.0e-9 1.55066 1.115412
635.0e-9 1.554952 1.120839
636.0e-9 1.559307 1.126365
637.0e-9 1.563737 1.131993
638.0e-9 1.568255 1.137723
639.0e-9 1.572877 1.143556
640.0e-9 1.577616 1.149492
641.0e-9 1.58249 1.155527
642.0e-9 1.587515 1.161657
643.0e-9 1.592714 1.167877
644.0e-9 1.598109 1.17417
645.0e-9 1.603714 1.180511
646.0e-9 1.609534 1.186878
647.0e-9 1.615571 1.193253
648.0e-9 1.621826 1.199617
649.0e-9 1.628297 1.205956
650.0e-9 1.634983 1.212254
651.0e-9 1.641881 1.218499
652.0e-9 1.648989 1.224677
653.0e-9 1.656302 1.230777
654.0e-9 1.663817 1.236788
655.0e-9 1.671529 1.242699
656.0e-9 1.679437 1.248501
657.0e-9 1.687534 1.254184
658.0e-9 1.695819 1.259739
659.0e-9 1.704288 1.265156
660.0e-9 1.712941 1.270426
661.0e-9 1.721779 1.275534
662.0e-9 1.730797 1.280461
663.0e-9 1.739984 1.285188
664.0e-9 1.749326 1.289701
665.0e-9 1.75881 1.293987
666.0e-9 1.768421 1.298034
667.0e-9 1.778141 1.301833
668.0e-9 1.787955 1.305375
669.0e-9 1.797844 1.308653
670.0e-9 1.807792 1.311662
671.0e-9 1.817779 1.314396
672.0e-9 1.827786 1.316851
673.0e-9 1.837794 1.319025
674.0e-9 1.847782 1.320917
675.0e-9 1.857729 1.322526
676.0e-9 1.867611 1.323854
677.0e-9 1.877403 1.324903
678.0e-9 1.887077 1.325679
679.0e-9 1.896599 1.326196
680.0e-9 1.905944 1.326484
681.0e-9 1.915099 1.326571
682.0e-9 1.924058 1.326479
683.0e-9 1.932814 1.326231
684.0e-9 1.941364 1.325846
685.0e-9 1.949705 1.325341
686.0e-9 1.957832 1.324735
687.0e-9 1.965747 1.324042
688.0e-9 1.973446 1.323278
689.0e-9 1.980929 1.322458
690.0e-9 1.988194 1.321596
691.0e-9 1.99524 1.320705
692.0e-9 2.002065 1.3198
693.0e-9 2.008668 1.318893
694.0e-9 2.015046 1.317999
695.0e-9 2.021194 1.31713
696.0e-9 2.027108 1.316302
697.0e-9 2.032778 1.315531
698.0e-9 2.038189 1.31484
699.0e-9 2.043333 1.314272
700.0e-9 2.04822 1.313865
701.0e-9 2.052863 1.313655
702.0e-9 2.057281 1.313674
703.0e-9 2.061496 1.313951
704.0e-9 2.06553 1.314512
705.0e-9 2.069409 1.315382
706.0e-9 2.073161 1.316583
707.0e-9 2.076815 1.318136
708.0e-9 2.080404 1.320059
709.0e-9 2.08396 1.322369
710.0e-9 2.087518 1.325079
711.0e-9 2.091116 1.328201
712.0e-9 2.094793 1.331746
713.0e-9 2.09859 1.335721
714.0e-9 2.102551 1.340129
715.0e-9 2.106724 1.344972
716.0e-9 2.11116 1.350249
717.0e-9 2.115915 1.35595
718.0e-9 2.121058 1.362057
719.0e-9 2.126653 1.368517
720.0e-9 2.132732 1.375269
721.0e-9 2.139315 1.38226
722.0e-9 2.146415 1.389443
723.0e-9 2.154041 1.396774
724.0e-9 2.162196 1.404212
725.0e-9 2.170884 1.411719
726.0e-9 2.180102 1.41926
727.0e-9 2.18985 1.4268
728.0e-9 2.200123 1.434309
729.0e-9 2.210915 1.441756
730.0e-9 2.222222 1.449115
731.0e-9 2.234034 1.456359
732.0e-9 2.246346 1.463464
733.0e-9 2.259149 1.470407
734.0e-9 2.272436 1.477166
735.0e-9 2.286197 1.483721
736.0e-9 2.300424 1.490052
737.0e-9 2.315111 1.496142
738.0e-9 2.330252 1.501972
739.0e-9 2.345842 1.507524
740.0e-9 2.361877 1.512776
741.0e-9 2.37835 1.5177
742.0e-9 2.395247 1.522272
743.0e-9 2.412553 1.526472
744.0e-9 2.430251 1.530281
745.0e-9 2.448326 1.53368
746.0e-9 2.466762 1.536655
747.0e-9 2.485541 1.539192
748.0e-9 2.504648 1.541278
749.0e-9 2.524068 1.5429
750.0e-9 2.543784 1.544049
751.0e-9 2.56378 1.544713
752.0e-9 2.584044 1.544886
753.0e-9 2.60456 1.544557
754.0e-9 2.625316 1.543719
755.0e-9 2.646301 1.542366
756.0e-9 2.667502 1.540489
757.0e-9 2.688908 1.538082
758.0e-9 2.710513 1.535138
759.0e-9 2.732309 1.531651
760.0e-9 2.754292 1.527612
761.0e-9 2.776461 1.523013
762.0e-9 2.798824 1.517841
763.0e-9 2.821392 1.512063
764.0e-9 2.844152 1.505635
765.0e-9 2.867083 1.498521
766.0e-9 2.89016 1.490692
767.0e-9 2.913354 1.482117
768.0e-9 2.936632 1.472774
769.0e-9 2.959965 1.462637
770.0e-9 2.983315 1.451688
771.0e-9 3.006649 1.439907
772.0e-9 3.02993 1.427276
773.0e-9 3.053119 1.413779
774.0e-9 3.076177 1.399402
775.0e-9 3.099065 1.38413
776.0e-9 3.121739 1.36795
777.0e-9 3.144156 1.350849
778.0e-9 3.166269 1.332817
779.0e-9 3.188028 1.313843
780.0e-9 3.209382 1.293915
781.0e-9 3.230275 1.273024
782.0e-9 3.250645 1.251161
783.0e-9 3.270424 1.228318
784.0e-9 3.289535 1.204489
785.0e-9 3.307884 1.17967
786.0e-9 3.325354 1.153862
787.0e-9 3.341785 1.127134
788.0e-9 3.357083 1.099612
789.0e-9 3.3712 1.071415
790.0e-9 3.384106 1.042646
791.0e-9 3.395782 1.0134
792.0e-9 3.406218 0.983766
793.0e-9 3.415409 0.953825
794.0e-9 3.423356 0.923656
795.0e-9 3.430062 0.893332
796.0e-9 3.435533 0.862925
797.0e-9 3.43978 0.832501
798.0e-9 3.442813 0.802128
799.0e-9 3.444647 0.77187
800.0e-9 3.445299 0.741788
801.0e-9 3.444787 0.711948
802.0e-9 3.443131 0.682407
803.0e-9 3.440357 0.653227
804.0e-9 3.436489 0.624467
805.0e-9 3.431559 0.59619
806.0e-9 3.425598 0.568453
807.0e-9 3.418646 0.54132
808.0e-9 3.410745 0.514849
809.0e-9 3.401947 0.489105
810.0e-9 3.392311 0.46415
811.0e-9 3.38191 0.440045
812.0e-9 3.37085 0.416854
813.0e-9 3.359262 0.394578
814.0e-9 3.347237 0.373185
815.0e-9 3.334841 0.352641
816.0e-9 3.322127 0.33292
817.0e-9 3.309139 0.313993
818.0e-9 3.295916 0.295836
819.0e-9 3.282495 0.278428
820.0e-9 3.268907 0.261745
821.0e-9 3.25518 0.245768
822.0e-9 3.241343 0.230478
823.0e-9 3.227417 0.215854
824.0e-9 3.213428 0.201879
825.0e-9 3.199396 0.188536
826.0e-9 3.185342 0.175808
827.0e-9 3.171283 0.163676
828.0e-9 3.157239 0.152126
829.0e-9 3.143225 0.141141
830.0e-9 3.129257 0.130706
831.0e-9 3.11535 0.120804
832.0e-9 3.10152 0.111421
833.0e-9 3.087778 0.102542
834.0e-9 3.074138 0.09415
835.0e-9 3.060611 0.086232
836.0e-9 3.047209 0.078772
837.0e-9 3.033942 0.071755
838.0e-9 3.02082 0.065166
839.0e-9 3.007853 0.058991
840.0e-9 2.995045 0.053215
841.0e-9 2.982406 0.047825
842.0e-9 2.969942 0.042808
843.0e-9 2.95766 0.038151
844.0e-9 2.945568 0.033842
845.0e-9 2.933672 0.029867
846.0e-9 2.921978 0.026214
847.0e-9 2.910493 0.02287
848.0e-9 2.899222 0.019821
849.0e-9 2.88817 0.017054
850.0e-9 2.877341 0.014556
851.0e-9 2.866741 0.012314
852.0e-9 2.856372 0.010314
853.0e-9 2.846238 0.008542
854.0e-9 2.836343 0.006986
855.0e-9 2.826688 0.00563
856.0e-9 2.817275 0.004463
857.0e-9 2.808104 0.003468
858.0e-9 2.799178 0.002634
859.0e-9 2.790496 0.001945
860.0e-9 2.782056 0.001389
861.0e-9 2.773858 0.00095
862.0e-9 2.765899 0.000615
863.0e-9 2.758177 0.00037
864.0e-9 2.750686 0.0002
865.0e-9 2.743423 9.3e-05
866.0e-9 2.736381 3.3e-05
867.0e-9 2.729552 7e-06
868.0e-9 2.722926 0.0
869.0e-9 2.716489 0.0
870.0e-9 2.710222 0.0
871.0e-9 2.704113 0.0
872.0e-9 2.69815 0.0
873.0e-9 2.692325 0.0
874.0e-9 2.686632 0.0
875.0e-9 2.681062 0.0
876.0e-9 2.675611 0.0
877.0e-9 2.670274 0.0
878.0e-9 2.665044 0.0
879.0e-9 2.659919 0.0
880.0e-9 2.654893 0.0
881.0e-9 2.649963 0.0
882.0e-9 2.645126 0.0
883.0e-9 2.640377 0.0
884.0e-9 2.635714 0.0
885.0e-9 2.631134 0.0
886.0e-9 2.626634 0.0
887.0e-9 2.622211 0.0
888.0e-9 2.617864 0.0
889.0e-9 2.613589 0.0
890.0e-9 2.609384 0.0
891.0e-9 2.605247 0.0
892.0e-9 2.601177 0.0
893.0e-9 2.59717 0.0
894.0e-9 2.593226 0.0
895.0e-9 2.589343 0.0
896.0e-9 2.585518 0.0
897.0e-9 2.581751 0.0
898.0e-9 2.57804 0.0
899.0e-9 2.574383 0.0
900.0e-9 2.570779 0.0
901.0e-9 2.567226 0.0
902.0e-9 2.563724 0.0
903.0e-9 2.56027 0.0
904.0e-9 2.556865 0.0
905.0e-9 2.553506 0.0
906.0e-9 2.550192 0.0
907.0e-9 2.546923 0.0
908.0e-9 2.543697 0.0
909.0e-9 2.540514 0.0
910.0e-9 2.537371 0.0
911.0e-9 2.534269 0.0
912.0e-9 2.531207 0.0
913.0e-9 2.528184 0.0
914.0e-9 2.525198 0.0
915.0e-9 2.522249 0.0
916.0e-9 2.519337 0.0
917.0e-9 2.516459 0.0
918.0e-9 2.513617 0.0
919.0e-9 2.510809 0.0
920.0e-9 2.508034 0.0
921.0e-9 2.505291 0.0
922.0e-9 2.50258 0.0
923.0e-9 2.499901 0.0
924.0e-9 2.497252 0.0
925.0e-9 2.494633 0.0
926.0e-9 2.492044 0.0
927.0e-9 2.489484 0.0
928.0e-9 2.486952 0.0
929.0e-9 2.484448 0.0
930.0e-9 2.481972 0.0
931.0e-9 2.479522 0.0
932.0e-9 2.477098 0.0
933.0e-9 2.474701 0.0
934.0e-9 2.472328 0.0
935.0e-9 2.469981 0.0
936.0e-9 2.467658 0.0
937.0e-9 2.465359 0.0
938.0e-9 2.463084 0.0
939.0e-9 2.460832 0.0
940.0e-9 2.458602 0.0
941.0e-9 2.456395 0.0
942.0e-9 2.454211 0.0
943.0e-9 2.452047 0.0
944.0e-9 2.449905 0.0
945.0e-9 2.447785 0.0
946.0e-9 2.445684 0.0
947.0e-9 2.443604 0.0
948.0e-9 2.441544 0.0
949.0e-9 2.439504 0.0
950.0e-9 2.437482 0.0
951.0e-9 2.43548 0.0
952.0e-9 2.433497 0.0
953.0e-9 2.431532 0.0
954.0e-9 2.429585 0.0
955.0e-9 2.427655 0.0
956.0e-9 2.425744 0.0
957.0e-9 2.42385 0.0
958.0e-9 2.421972 0.0
959.0e-9 2.420112 0.0
960.0e-9 2.418267 0.0
961.0e-9 2.41644 0.0
962.0e-9 2.414628 0.0
963.0e-9 2.412832 0.0
964.0e-9 2.411052 0.0
965.0e-9 2.409287 0.0
966.0e-9 2.407537 0.0
967.0e-9 2.405802 0.0
968.0e-9 2.404082 0.0
969.0e-9 2.402376 0.0
970.0e-9 2.400684 0.0
971.0e-9 2.399007 0.0
972.0e-9 2.397343 0.0
973.0e-9 2.395693 0.0
974.0e-9 2.394057 0.0
975.0e-9 2.392434 0.0
976.0e-9 2.390824 0.0
977.0e-9 2.389227 0.0
978.0e-9 2.387642 0.0
979.0e-9 2.386071 0.0
980.0e-9 2.384511 0.0
981.0e-9 2.382965 0.0
982.0e-9 2.38143 0.0
983.0e-9 2.379907 0.0
984.0e-9 2.378396 0.0
985.0e-9 2.376896 0.0
986.0e-9 2.375409 0.0
987.0e-9 2.373932 0.0
988.0e-9 2.372467 0.0
989.0e-9 2.371012 0.0
990.0e-9 2.369569 0.0
991.0e-9 2.368136 0.0
992.0e-9 2.366714 0.0
993.0e-9 2.365303 0.0
994.0e-9 2.363902 0.0
995.0e-9 2.362511 0.0
996.0e-9 2.361131 0.0
997.0e-9 2.35976 0.0
998.0e-9 2.358399 0.0
999.0e-9 2.357048 0.0
1000.0e-9 2.355707 0.0
1002.5e-9 2.352395 0.0
1005.0e-9 2.349141 0.0
1007.5e-9 2.345943 0.0
1010.0e-9 2.3428 0.0
1012.5e-9 2.33971 0.0
1015.0e-9 2.336671 0.0
1017.5e-9 2.333683 0.0
1020.0e-9 2.330743 0.0
1022.5e-9 2.32785 0.0
1025.0e-9 2.325003 0.0
1027.5e-9 2.322202 0.0
1030.0e-9 2.319444 0.0
1032.5e-9 2.316728 0.0
1035.0e-9 2.314054 0.0
1037.5e-9 2.311421 0.0
1040.0e-9 2.308827 0.0
1042.5e-9 2.306271 0.0
1045.0e-9 2.303752 0.0
1047.5e-9 2.30127 0.0
1050.0e-9 2.298824 0.0
1052.5e-9 2.296412 0.0
1055.0e-9 2.294035 0.0
1057.5e-9 2.29169 0.0
1060.0e-9 2.289378 0.0
1062.5e-9 2.287097 0.0
1065.0e-9 2.284847 0.0
1067.5e-9 2.282627 0.0
1070.0e-9 2.280436 0.0
1072.5e-9 2.278275 0.0
1075.0e-9 2.276141 0.0
1077.5e-9 2.274035 0.0
1080.0e-9 2.271956 0.0
1082.5e-9 2.269903 0.0
1085.0e-9 2.267875 0.0
1087.5e-9 2.265873 0.0
1090.0e-9 2.263896 0.0
1092.5e-9 2.261942 0.0
1095.0e-9 2.260013 0.0
1097.5e-9 2.258106 0.0
1100.0e-9 2.256222 0.0
1102.5e-9 2.25436 0.0
1105.0e-9 2.25252 0.0
1107.5e-9 2.250701 0.0
1110.0e-9 2.248903 0.0
1112.5e-9 2.247125 0.0
1115.0e-9 2.245367 0.0
1117.5e-9 2.243629 0.0
1120.0e-9 2.24191 0.0
1122.5e-9 2.240209 0.0
1125.0e-9 2.238528 0.0
1127.5e-9 2.236864 0.0
1130.0e-9 2.235218 0.0
1132.5e-9 2.23359 0.0
1135.0e-9 2.231978 0.0
1137.5e-9 2.230384 0.0
1140.0e-9 2.228806 0.0
1142.5e-9 2.227244 0.0
1145.0e-9 2.225698 0.0
1147.5e-9 2.224167 0.0
1150.0e-9 2.222652 0.0
1152.5e-9 2.221152 0.0
1155.0e-9 2.219666 0.0
1157.5e-9 2.218195 0.0
1160.0e-9 2.216738 0.0
1162.5e-9 2.215296 0.0
1165.0e-9 2.213866 0.0
1167.5e-9 2.212451 0.0
1170.0e-9 2.211048 0.0
1172.5e-9 2.209659 0.0
1175.0e-9 2.208282 0.0
1177.5e-9 2.206918 0.0
1180.0e-9 2.205566 0.0
1182.5e-9 2.204226 0.0
1185.0e-9 2.202899 0.0
1187.5e-9 2.201582 0.0
1190.0e-9 2.200278 0.0
1192.5e-9 2.198985 0.0
1195.0e-9 2.197703 0.0
1197.5e-9 2.196432 0.0
1200.0e-9 2.195172 0.0
1202.5e-9 2.193922 0.0
1205.0e-9 2.192683 0.0
1207.5e-9 2.191454 0.0
1210.0e-9 2.190235 0.0
1212.5e-9 2.189026 0.0
1215.0e-9 2.187827 0.0
1217.5e-9 2.186638 0.0
1220.0e-9 2.185458 0.0
1222.5e-9 2.184287 0.0
1225.0e-9 2.183126 0.0
1227.5e-9 2.181973 0.0
1230.0e-9 2.18083 0.0
1232.5e-9 2.179695 0.0
1235.0e-9 2.178569 0.0
1237.5e-9 2.177451 0.0
1240.0e-9 2.176342 0.0
1242.5e-9 2.175241 0.0
1245.0e-9 2.174148 0.0
1247.5e-9 2.173063 0.0
1250.0e-9 2.171986 0.0
1252.5e-9 2.170917 0.0
1255.0e-9 2.169855 0.0
1257.5e-9 2.168801 0.0
1260.0e-9 2.167754 0.0
1262.5e-9 2.166714 0.0
1265.0e-9 2.165682 0.0
1267.5e-9 2.164657 0.0
1270.0e-9 2.163639 0.0
1272.5e-9 2.162628 0.0
1275.0e-9 2.161623 0.0
1277.5e-9 2.160625 0.0
1280.0e-9 2.159634 0.0
1282.5e-9 2.158649 0.0
1285.0e-9 2.157671 0.0
1287.5e-9 2.156699 0.0
1290.0e-9 2.155733 0.0
1292.5e-9 2.154774 0.0
1295.0e-9 2.15382 0.0
1297.5e-9 2.152873 0.0
1300.0e-9 2.151931 0.0
1302.5e-9 2.150995 0.0
1305.0e-9 2.150065 0.0
1307.5e-9 2.14914 0.0
1310.0e-9 2.148221 0.0
1312.5e-9 2.147308 0.0
1315.0e-9 2.146399 0.0
1317.5e-9 2.145497 0.0
1320.0e-9 2.144599 0.0
1322.5e-9 2.143707 0.0
1325.0e-9 2.14282 0.0
1327.5e-9 2.141937 0.0
1330.0e-9 2.14106 0.0
1332.5e-9 2.140188 0.0
1335.0e-9 2.139321 0.0
1337.5e-9 2.138458 0.0
1340.0e-9 2.1376 0.0
1342.5e-9 2.136747 0.0
1345.0e-9 2.135899 0.0
1347.5e-9 2.135055 0.0
1350.0e-9 2.134215 0.0
1352.5e-9 2.13338 0.0
1355.0e-9 2.132549 0.0
1357.5e-9 2.131723 0.0
1360.0e-9 2.130901 0.0
1362.5e-9 2.130083 0.0
1365.0e-9 2.129269 0.0
1367.5e-9 2.128459 0.0
1370.0e-9 2.127653 0.0
1372.5e-9 2.126851 0.0
1375.0e-9 2.126054 0.0
1377.5e-9 2.12526 0.0
1380.0e-9 2.12447 0.0
1382.5e-9 2.123683 0.0
1385.0e-9 2.122901 0.0
1387.5e-9 2.122122 0.0
1390.0e-9 2.121346 0.0
1392.5e-9 2.120575 0.0
1395.0e-9 2.119807 0.0
1397.5e-9 2.119042 0.0
1400.0e-9 2.118281 0.0
1402.5e-9 2.117523 0.0
1405.0e-9 2.116769 0.0
1407.5e-9 2.116018 0.0
1410.0e-9 2.11527 0.0
1412.5e-9 2.114526 0.0
1415.0e-9 2.113785 0.0
1417.5e-9 2.113046 0.0
1420.0e-9 2.112311 0.0
1422.5e-9 2.11158 0.0
1425.0e-9 2.110851 0.0
1427.5e-9 2.110125 0.0
1430.0e-9 2.109402 0.0
1432.5e-9 2.108682 0.0
1435.0e-9 2.107965 0.0
1437.5e-9 2.107251 0.0
1440.0e-9 2.10654 0.0
1442.5e-9 2.105832 0.0
1445.0e-9 2.105126 0.0
1447.5e-9 2.104423 0.0
1450.0e-9 2.103723 0.0
1452.5e-9 2.103025 0.0
1455.0e-9 2.10233 0.0
1457.5e-9 2.101638 0.0
1460.0e-9 2.100948 0.0
1462.5e-9 2.100261 0.0
1465.0e-9 2.099576 0.0
1467.5e-9 2.098894 0.0
1470.0e-9 2.098214 0.0
1472.5e-9 2.097537 0.0
1475.0e-9 2.096862 0.0
1477.5e-9 2.096189 0.0
1480.0e-9 2.095519 0.0
1482.5e-9 2.094851 0.0
1485.0e-9 2.094186 0.0
1487.5e-9 2.093522 0.0
1490.0e-9 2.092861 0.0
1492.5e-9 2.092202 0.0
1495.0e-9 2.091545 0.0
1497.5e-9 2.09089 0.0
1500.0e-9 2.090238 0.0
1502.5e-9 2.089587 0.0
1505.0e-9 2.088939 0.0
1507.5e-9 2.088293 0.0
1510.0e-9 2.087648 0.0
1512.5e-9 2.087006 0.0
1515.0e-9 2.086366 0.0
1517.5e-9 2.085727 0.0
1520.0e-9 2.085091 0.0
1522.5e-9 2.084456 0.0
1525.0e-9 2.083824 0.0
1527.5e-9 2.083193 0.0
1530.0e-9 2.082564 0.0
1532.5e-9 2.081937 0.0
1535.0e-9 2.081312 0.0
1537.5e-9 2.080688 0.0
1540.0e-9 2.080066 0.0
1542.5e-9 2.079446 0.0
1545.0e-9 2.078828 0.0
1547.5e-9 2.078211 0.0
1550.0e-9 2.077596 0.0
1552.5e-9 2.076983 0.0
1555.0e-9 2.076371 0.0
1557.5e-9 2.075761 0.0
1560.0e-9 2.075152 0.0
1562.5e-9 2.074545 0.0
1565.0e-9 2.07394 0.0
1567.5e-9 2.073336 0.0
1570.0e-9 2.072734 0.0
1572.5e-9 2.072133 0.0
1575.0e-9 2.071534 0.0
1577.5e-9 2.070936 0.0
1580.0e-9 2.070339 0.0
1582.5e-9 2.069744 0.0
1585.0e-9 2.069151 0.0
1587.5e-9 2.068559 0.0
1590.0e-9 2.067968 0.0
1592.5e-9 2.067379 0.0
1595.0e-9 2.06679 0.0
1597.5e-9 2.066204 0.0
1600.0e-9 2.065618 0.0
1602.5e-9 2.065034 0.0
1605.0e-9 2.064451 0.0
1607.5e-9 2.06387 0.0
1610.0e-9 2.063289 0.0
1612.5e-9 2.06271 0.0
1615.0e-9 2.062132 0.0
1617.5e-9 2.061556 0.0
1620.0e-9 2.06098 0.0
1622.5e-9 2.060406 0.0
1625.0e-9 2.059833 0.0
1627.5e-9 2.059261 0.0
1630.0e-9 2.05869 0.0
1632.5e-9 2.05812 0.0
1635.0e-9 2.057552 0.0
1637.5e-9 2.056984 0.0
1640.0e-9 2.056418 0.0
1642.5e-9 2.055853 0.0
1645.0e-9 2.055289 0.0
1647.5e-9 2.054725 0.0
1650.0e-9 2.054163 0.0
1652.5e-9 2.053602 0.0
1655.0e-9 2.053042 0.0
1657.5e-9 2.052483 0.0
1660.0e-9 2.051924 0.0
1662.5e-9 2.051367 0.0
1665.0e-9 2.050811 0.0
1667.5e-9 2.050256 0.0
1670.0e-9 2.049701 0.0
1672.5e-9 2.049148 0.0
1675.0e-9 2.048596 0.0
1677.5e-9 2.048044 0.0
1680.0e-9 2.047493 0.0
1682.5e-9 2.046943 0.0
1685.0e-9 2.046394 0.0
1687.5e-9 2.045846 0.0
1690.0e-9 2.045299 0.0
