lambda n k
300e-9 1.73051 0.2112
301e-9 1.74332 0.22201
302e-9 1.7563 0.2312
303e-9 1.76918 0.23952
304e-9 1.78191 0.2465
305e-9 1.79412 0.25143
306e-9 1.806 0.25524
307e-9 1.81709 0.25671
308e-9 1.82744 0.25672
309e-9 1.83728 0.25575
310e-9 1.84572 0.25323
311e-9 1.85348 0.25038
312e-9 1.86031 0.24706
313e-9 1.86566 0.24367
314e-9 1.87026 0.24038
315e-9 1.87337 0.23748
316e-9 1.87537 0.23494
317e-9 1.87667 0.23263
318e-9 1.87662 0.23065
319e-9 1.87608 0.22876
320e-9 1.87495 0.22695
321e-9 1.87315 0.22513
322e-9 1.87111 0.22325
323e-9 1.86871 0.22124
324e-9 1.86611 0.21909
325e-9 1.86339 0.21688
326e-9 1.86048 0.21461
327e-9 1.8575 0.21238
328e-9 1.85445 0.21021
329e-9 1.85135 0.20824
330e-9 1.84823 0.2064
331e-9 1.84513 0.20482
332e-9 1.84207 0.20357
333e-9 1.83906 0.2025
334e-9 1.83617 0.20176
335e-9 1.83339 0.20113
336e-9 1.83072 0.2006
337e-9 1.82832 0.20013
338e-9 1.82604 0.19963
339e-9 1.82401 0.19909
340e-9 1.82228 0.19838
341e-9 1.82072 0.19757
342e-9 1.81954 0.1965
343e-9 1.81854 0.19527
344e-9 1.81768 0.19391
345e-9 1.81702 0.19235
346e-9 1.81638 0.19071
347e-9 1.8158 0.18896
348e-9 1.81517 0.18712
349e-9 1.8145 0.18524
350e-9 1.8137 0.18331
351e-9 1.81274 0.18136
352e-9 1.81168 0.1794
353e-9 1.81037 0.17744
354e-9 1.809 0.17548
355e-9 1.80751 0.17352
356e-9 1.80593 0.17159
357e-9 1.80432 0.16966
358e-9 1.80266 0.16775
359e-9 1.801 0.16588
360e-9 1.79934 0.16402
361e-9 1.79774 0.16222
362e-9 1.79616 0.16044
363e-9 1.79463 0.1587
364e-9 1.79312 0.15701
365e-9 1.79162 0.15536
366e-9 1.79011 0.15375
367e-9 1.78857 0.15218
368e-9 1.787 0.15065
369e-9 1.78534 0.14917
370e-9 1.78362 0.14773
371e-9 1.78182 0.14633
372e-9 1.77988 0.14498
373e-9 1.77787 0.14367
374e-9 1.77572 0.1424
375e-9 1.77352 0.14117
376e-9 1.77128 0.13998
377e-9 1.76902 0.13884
378e-9 1.76679 0.13774
379e-9 1.7646 0.13667
380e-9 1.76253 0.13567
381e-9 1.76054 0.13469
382e-9 1.75869 0.13375
383e-9 1.75704 0.13287
384e-9 1.75551 0.13201
385e-9 1.75428 0.13121
386e-9 1.7532 0.13042
387e-9 1.75227 0.12964
388e-9 1.75157 0.12885
389e-9 1.75094 0.12803
390e-9 1.75045 0.12716
391e-9 1.75004 0.1262
392e-9 1.74968 0.1252
393e-9 1.74939 0.12405
394e-9 1.74911 0.12279
395e-9 1.74884 0.12143
396e-9 1.74854 0.11985
397e-9 1.74822 0.11816
398e-9 1.74786 0.11628
399e-9 1.74743 0.11424
400e-9 1.74698 0.1121
401e-9 1.74645 0.10981
402e-9 1.74588 0.10745
403e-9 1.74527 0.10503
404e-9 1.74458 0.10254
405e-9 1.74386 0.10004
406e-9 1.74308 0.09751
407e-9 1.74223 0.09501
408e-9 1.74134 0.09252
409e-9 1.74038 0.09008
410e-9 1.73936 0.0877
411e-9 1.7383 0.08537
412e-9 1.73714 0.08317
413e-9 1.73595 0.08102
414e-9 1.73471 0.07895
415e-9 1.7334 0.077
416e-9 1.73205 0.07509
417e-9 1.73064 0.0733
418e-9 1.72919 0.07159
419e-9 1.72771 0.06994
420e-9 1.72615 0.06842
421e-9 1.72458 0.06696
422e-9 1.72296 0.06559
423e-9 1.7213 0.06434
424e-9 1.71961 0.06314
425e-9 1.71788 0.06205
426e-9 1.71612 0.06106
427e-9 1.71435 0.06012
428e-9 1.71255 0.05931
429e-9 1.71075 0.05855
430e-9 1.70895 0.05786
431e-9 1.70716 0.05727
432e-9 1.70538 0.05673
433e-9 1.70362 0.05625
434e-9 1.7019 0.05585
435e-9 1.7002 0.05548
436e-9 1.69855 0.05519
437e-9 1.69695 0.05495
438e-9 1.69539 0.05474
439e-9 1.69391 0.0546
440e-9 1.69249 0.05448
441e-9 1.69113 0.05441
442e-9 1.68986 0.05437
443e-9 1.68863 0.05435
444e-9 1.68749 0.05433
445e-9 1.6864 0.05431
446e-9 1.68535 0.05428
447e-9 1.68439 0.05422
448e-9 1.68345 0.05413
449e-9 1.68256 0.05399
450e-9 1.68172 0.05379
451e-9 1.68091 0.05354
452e-9 1.68015 0.0532
453e-9 1.67941 0.05278
454e-9 1.6787 0.05229
455e-9 1.67803 0.05166
456e-9 1.67737 0.05095
457e-9 1.67674 0.05012
458e-9 1.67613 0.04915
459e-9 1.67552 0.0481
460e-9 1.67491 0.04692
461e-9 1.67429 0.04567
462e-9 1.67367 0.04435
463e-9 1.67299 0.04294
464e-9 1.67229 0.04148
465e-9 1.67154 0.03999
466e-9 1.67073 0.03844
467e-9 1.66987 0.03688
468e-9 1.66892 0.0353
469e-9 1.66789 0.03371
470e-9 1.66681 0.03212
471e-9 1.66557 0.03055
472e-9 1.66427 0.02899
473e-9 1.66286 0.02746
474e-9 1.6613 0.02597
475e-9 1.65966 0.02451
476e-9 1.65786 0.02312
477e-9 1.65597 0.02178
478e-9 1.65401 0.02049
479e-9 1.65198 0.0193
480e-9 1.64993 0.01818
481e-9 1.64786 0.01714
482e-9 1.64582 0.01623
483e-9 1.64381 0.01539
484e-9 1.64187 0.01467
485e-9 1.64002 0.01409
486e-9 1.63824 0.01359
487e-9 1.63663 0.01328
488e-9 1.63515 0.01308
489e-9 1.63379 0.013
490e-9 1.63271 0.01314
491e-9 1.63176 0.01338
492e-9 1.63105 0.0138
493e-9 1.63063 0.01441
494e-9 1.63037 0.01513
495e-9 1.63049 0.01611
496e-9 1.63082 0.01723
497e-9 1.63135 0.01847
498e-9 1.6322 0.01996
499e-9 1.63317 0.02155
500e-9 1.63434 0.02329
501e-9 1.63567 0.02519
502e-9 1.63708 0.02718
503e-9 1.63865 0.02935
504e-9 1.64028 0.03162
505e-9 1.64196 0.03396
506e-9 1.64371 0.03648
507e-9 1.64547 0.03906
508e-9 1.64724 0.04173
509e-9 1.64899 0.04452
510e-9 1.65072 0.04736
511e-9 1.65239 0.05031
512e-9 1.654 0.05333
513e-9 1.65555 0.0564
514e-9 1.65695 0.05957
515e-9 1.65827 0.06279
516e-9 1.65948 0.06606
517e-9 1.66055 0.06941
518e-9 1.66157 0.07281
519e-9 1.66254 0.0763
520e-9 1.66351 0.07986
521e-9 1.66449 0.08347
522e-9 1.66559 0.08721
523e-9 1.66676 0.09101
524e-9 1.66805 0.09488
525e-9 1.66957 0.09888
526e-9 1.67123 0.10294
527e-9 1.67315 0.10711
528e-9 1.67537 0.11138
529e-9 1.67776 0.11571
530e-9 1.68063 0.12018
531e-9 1.68377 0.12471
532e-9 1.68721 0.12933
533e-9 1.69121 0.13407
534e-9 1.69549 0.13887
535e-9 1.70027 0.14377
536e-9 1.70556 0.14877
537e-9 1.71117 0.15381
538e-9 1.71749 0.15897
539e-9 1.72422 0.1642
540e-9 1.73134 0.1695
541e-9 1.73903 0.17503
542e-9 1.74692 0.18072
543e-9 1.7551 0.18666
544e-9 1.76345 0.19299
545e-9 1.77189 0.19954
546e-9 1.78039 0.20664
547e-9 1.78884 0.21416
548e-9 1.79727 0.22202
549e-9 1.80548 0.2307
550e-9 1.81356 0.23978
551e-9 1.82142 0.24947
552e-9 1.82893 0.25999
553e-9 1.83624 0.27097
554e-9 1.8431 0.28291
555e-9 1.84958 0.2956
556e-9 1.8558 0.30881
557e-9 1.86133 0.32338
558e-9 1.86654 0.33857
559e-9 1.87131 0.35462
560e-9 1.87542 0.37195
561e-9 1.87921 0.38995
562e-9 1.88237 0.40924
563e-9 1.885 0.42965
564e-9 1.8873 0.45079
565e-9 1.88885 0.47365
566e-9 1.89012 0.49727
567e-9 1.89104 0.5218
568e-9 1.89154 0.54765
569e-9 1.89187 0.57407
570e-9 1.89193 0.60151
571e-9 1.89183 0.62978
572e-9 1.89164 0.65855
573e-9 1.89133 0.6883
574e-9 1.891 0.71851
575e-9 1.89066 0.7492
576e-9 1.89034 0.78059
577e-9 1.89007 0.81226
578e-9 1.88986 0.84437
579e-9 1.88977 0.87683
580e-9 1.88974 0.90947
581e-9 1.88988 0.94243
582e-9 1.89013 0.9755
583e-9 1.89047 1.00868
584e-9 1.89103 1.04195
585e-9 1.89167 1.07522
586e-9 1.89245 1.10848
587e-9 1.89339 1.14164
588e-9 1.89441 1.17473
589e-9 1.89559 1.20764
590e-9 1.89686 1.24037
591e-9 1.8982 1.27297
592e-9 1.89969 1.30517
593e-9 1.90125 1.33712
594e-9 1.90292 1.3687
595e-9 1.90478 1.39961
596e-9 1.90674 1.43014
597e-9 1.90891 1.45984
598e-9 1.91125 1.48878
599e-9 1.9137 1.5172
600e-9 1.91643 1.54425
601e-9 1.91928 1.5706
602e-9 1.92228 1.59608
603e-9 1.92551 1.62008
604e-9 1.92886 1.64333
605e-9 1.93239 1.66521
606e-9 1.9361 1.68575
607e-9 1.9399 1.70545
608e-9 1.94393 1.72322
609e-9 1.94808 1.73988
610e-9 1.95235 1.75542
611e-9 1.95683 1.76884
612e-9 1.96142 1.78126
613e-9 1.96616 1.79201
614e-9 1.97109 1.80091
615e-9 1.97613 1.80875
616e-9 1.9814 1.8143
617e-9 1.98682 1.81835
618e-9 1.99239 1.82114
619e-9 1.99827 1.82121
620e-9 2.00431 1.82008
621e-9 2.0106 1.81706
622e-9 2.01722 1.81171
623e-9 2.02405 1.80517
624e-9 2.0313 1.79641
625e-9 2.03891 1.78632
626e-9 2.04677 1.77532
627e-9 2.05529 1.76257
628e-9 2.06412 1.7493
629e-9 2.07338 1.73528
630e-9 2.08329 1.72058
631e-9 2.09353 1.70565
632e-9 2.10439 1.69045
633e-9 2.11578 1.67531
634e-9 2.1275 1.66022
635e-9 2.14 1.64562
636e-9 2.15286 1.63147
637e-9 2.16614 1.61781
638e-9 2.18007 1.60533
639e-9 2.19428 1.59351
640e-9 2.20896 1.58292
641e-9 2.22405 1.57378
642e-9 2.23938 1.56554
643e-9 2.25515 1.55944
644e-9 2.27113 1.55476
645e-9 2.28731 1.55137
646e-9 2.30379 1.55076
647e-9 2.32037 1.55147
648e-9 2.33711 1.55429
649e-9 2.35398 1.5597
650e-9 2.37091 1.56656
651e-9 2.38793 1.57642
652e-9 2.405 1.58847
653e-9 2.42211 1.6021
654e-9 2.43929 1.61958
655e-9 2.45649 1.63869
656e-9 2.47374 1.66017
657e-9 2.49106 1.6846
658e-9 2.50841 1.71035
659e-9 2.52582 1.73834
660e-9 2.54326 1.76772
661e-9 2.56073 1.79796
662e-9 2.57823 1.82966
663e-9 2.59573 1.8618
664e-9 2.61322 1.89443
665e-9 2.63067 1.92741
666e-9 2.64808 1.96041
667e-9 2.66541 1.99334
668e-9 2.68261 2.02589
669e-9 2.69973 2.05818
670e-9 2.71662 2.08961
671e-9 2.73333 2.12036
672e-9 2.74989 2.15048
673e-9 2.76605 2.17905
674e-9 2.78202 2.20683
675e-9 2.79766 2.23334
676e-9 2.81287 2.25813
677e-9 2.82782 2.28196
678e-9 2.84225 2.30371
679e-9 2.85625 2.32384
680e-9 2.86996 2.34283
681e-9 2.88289 2.35882
682e-9 2.89547 2.37349
683e-9 2.90757 2.38625
684e-9 2.91893 2.39616
685e-9 2.92991 2.40458
686e-9 2.94019 2.4102
687e-9 2.94985 2.41326
688e-9 2.95911 2.41469
689e-9 2.96746 2.41224
690e-9 2.97533 2.40768
691e-9 2.98269 2.40082
692e-9 2.98919 2.38981
693e-9 2.99529 2.3768
694e-9 3.00075 2.36039
695e-9 3.0056 2.34058
696e-9 3.01013 2.31887
697e-9 3.01405 2.29334
698e-9 3.01767 2.2656
699e-9 3.02103 2.236
700e-9 3.02399 2.20279
701e-9 3.02683 2.16812
702e-9 3.0295 2.13128
703e-9 3.03207 2.09192
704e-9 3.03461 2.05131
705e-9 3.03716 2.00838
706e-9 3.0398 1.96385
707e-9 3.04251 1.91825
708e-9 3.04549 1.87041
709e-9 3.04866 1.82168
710e-9 3.05204 1.77185
711e-9 3.05587 1.72058
712e-9 3.05993 1.6687
713e-9 3.06443 1.61585
714e-9 3.06939 1.56232
715e-9 3.07463 1.50841
716e-9 3.0805 1.45392
717e-9 3.08675 1.39929
718e-9 3.09334 1.34453
719e-9 3.10057 1.28985
720e-9 3.10807 1.23533
721e-9 3.11598 1.18111
722e-9 3.12428 1.1275
723e-9 3.13278 1.07429
724e-9 3.14161 1.02203
725e-9 3.15056 0.97064
726e-9 3.1596 0.91986
727e-9 3.16866 0.87084
728e-9 3.17764 0.82269
729e-9 3.1865 0.77572
730e-9 3.195 0.73066
731e-9 3.20326 0.68662
732e-9 3.211 0.64445
733e-9 3.2181 0.60409
734e-9 3.2248 0.56487
735e-9 3.23039 0.52828
736e-9 3.23529 0.49317
737e-9 3.23948 0.45953
738e-9 3.24235 0.42843
739e-9 3.24462 0.39842
740e-9 3.24594 0.37014
741e-9 3.24619 0.34367
742e-9 3.24585 0.31817
743e-9 3.24435 0.29454
744e-9 3.24206 0.27213
745e-9 3.23921 0.25059
746e-9 3.23506 0.23099
747e-9 3.23039 0.21215
748e-9 3.225 0.19437
749e-9 3.21862 0.17799
750e-9 3.21176 0.16229
751e-9 3.20406 0.14777
752e-9 3.19566 0.13423
753e-9 3.18684 0.1213
754e-9 3.17711 0.10963
755e-9 3.16694 0.09859
756e-9 3.15631 0.08819
757e-9 3.14494 0.07888
758e-9 3.13324 0.07003
759e-9 3.12105 0.06193
760e-9 3.10836 0.0546
761e-9 3.09541 0.04768
762e-9 3.08197 0.04155
763e-9 3.06825 0.03593
764e-9 3.05432 0.03068
765e-9 3.03998 0.02624
766e-9 3.0255 0.0221
767e-9 3.01084 0.01839
768e-9 2.99598 0.01525
769e-9 2.98105 0.01236
770e-9 2.96601 0.00992
771e-9 2.95093 0.00785
772e-9 2.93585 0.00599
773e-9 2.9208 0.00456
774e-9 2.90582 0.00333
775e-9 2.89091 0.00231
776e-9 2.87621 0.00159
777e-9 2.86164 0.000996605
778e-9 2.84729 0.000578611
779e-9 2.83326 0.000316197
780e-9 2.81943 0.000126478
781e-9 2.80603 4.80586e-05
782e-9 2.793 1.05065e-05
783e-9 2.78023 0.0
784e-9 2.76815 0.0
785e-9 2.75638 0.0
786e-9 2.74499 0.0
787e-9 2.73419 0.0
788e-9 2.72367 0.0
789e-9 2.71361 0.0
790e-9 2.704 0.0
791e-9 2.69465 0.0
792e-9 2.68583 0.0
793e-9 2.67733 0.0
794e-9 2.6691 0.0
795e-9 2.66141 0.0
796e-9 2.65394 0.0
797e-9 2.64681 0.0
798e-9 2.64008 0.0
799e-9 2.63356 0.0
800e-9 2.62742 0.0
