lambda n k
300e-9 1.65172 0.16719
301e-9 1.65159 0.1641
302e-9 1.6512 0.16027
303e-9 1.65066 0.15612
304e-9 1.64987 0.15147
305e-9 1.64875 0.14632
306e-9 1.64745 0.14094
307e-9 1.64582 0.13521
308e-9 1.64404 0.12938
309e-9 1.64216 0.12348
310e-9 1.64026 0.11772
311e-9 1.63842 0.11214
312e-9 1.63665 0.10682
313e-9 1.63502 0.10206
314e-9 1.63345 0.09762
315e-9 1.63203 0.09386
316e-9 1.63073 0.0906
317e-9 1.62952 0.08766
318e-9 1.6285 0.08534
319e-9 1.62758 0.08325
320e-9 1.62677 0.08145
321e-9 1.62617 0.08004
322e-9 1.62566 0.07879
323e-9 1.62533 0.07784
324e-9 1.62514 0.07708
325e-9 1.62503 0.07644
326e-9 1.62508 0.07598
327e-9 1.62521 0.07559
328e-9 1.62541 0.07525
329e-9 1.62577 0.07498
330e-9 1.62621 0.07474
331e-9 1.62681 0.07453
332e-9 1.62753 0.07434
333e-9 1.6283 0.07417
334e-9 1.6291 0.074
335e-9 1.62985 0.07384
336e-9 1.63054 0.07368
337e-9 1.63113 0.07351
338e-9 1.63171 0.07332
339e-9 1.63232 0.07311
340e-9 1.63303 0.07287
341e-9 1.63381 0.07261
342e-9 1.63471 0.0723
343e-9 1.63562 0.07197
344e-9 1.63655 0.07163
345e-9 1.6374 0.07126
346e-9 1.6382 0.0709
347e-9 1.63892 0.07055
348e-9 1.63951 0.07023
349e-9 1.64004 0.06995
350e-9 1.64043 0.06976
351e-9 1.64071 0.06964
352e-9 1.64092 0.06959
353e-9 1.64096 0.06969
354e-9 1.64094 0.06986
355e-9 1.64082 0.07015
356e-9 1.64063 0.07059
357e-9 1.64042 0.07112
358e-9 1.64024 0.07182
359e-9 1.64017 0.07266
360e-9 1.64016 0.0736
361e-9 1.6404 0.07474
362e-9 1.64074 0.0759
363e-9 1.64122 0.07709
364e-9 1.64185 0.07818
365e-9 1.64255 0.07918
366e-9 1.64336 0.07997
367e-9 1.64419 0.08058
368e-9 1.64503 0.08108
369e-9 1.64577 0.08138
370e-9 1.6464 0.08162
371e-9 1.64691 0.08178
372e-9 1.64717 0.08187
373e-9 1.64733 0.08194
374e-9 1.64734 0.08198
375e-9 1.64726 0.08203
376e-9 1.64712 0.08209
377e-9 1.64693 0.08219
378e-9 1.64673 0.08232
379e-9 1.64652 0.08248
380e-9 1.64634 0.08269
381e-9 1.64619 0.08291
382e-9 1.64607 0.08317
383e-9 1.64603 0.08344
384e-9 1.64601 0.08372
385e-9 1.64606 0.08399
386e-9 1.64612 0.08424
387e-9 1.6462 0.08448
388e-9 1.6463 0.08464
389e-9 1.64639 0.08477
390e-9 1.64646 0.08483
391e-9 1.64651 0.08482
392e-9 1.64654 0.08478
393e-9 1.64651 0.08464
394e-9 1.64644 0.08446
395e-9 1.64632 0.08422
396e-9 1.6461 0.08391
397e-9 1.64584 0.08356
398e-9 1.64549 0.08317
399e-9 1.64504 0.08274
400e-9 1.64453 0.08229
401e-9 1.64388 0.08183
402e-9 1.64315 0.08135
403e-9 1.64236 0.08088
404e-9 1.64144 0.08041
405e-9 1.64048 0.07996
406e-9 1.63946 0.07953
407e-9 1.63839 0.07913
408e-9 1.6373 0.07876
409e-9 1.63617 0.07844
410e-9 1.63501 0.07815
411e-9 1.63384 0.07789
412e-9 1.63263 0.07769
413e-9 1.63141 0.07751
414e-9 1.63016 0.07736
415e-9 1.62889 0.07726
416e-9 1.62761 0.07718
417e-9 1.62631 0.07714
418e-9 1.625 0.07711
419e-9 1.62369 0.0771
420e-9 1.62237 0.07712
421e-9 1.62105 0.07715
422e-9 1.61973 0.07719
423e-9 1.61842 0.07725
424e-9 1.6171 0.07731
425e-9 1.61577 0.07739
426e-9 1.61441 0.07748
427e-9 1.61304 0.07759
428e-9 1.61163 0.07771
429e-9 1.61018 0.07785
430e-9 1.6087 0.07801
431e-9 1.60718 0.07818
432e-9 1.60563 0.07837
433e-9 1.60407 0.07856
434e-9 1.60249 0.07875
435e-9 1.60091 0.07894
436e-9 1.59933 0.07913
437e-9 1.59776 0.07932
438e-9 1.5962 0.07949
439e-9 1.59465 0.07966
440e-9 1.59309 0.07982
441e-9 1.59153 0.07998
442e-9 1.58997 0.08012
443e-9 1.58839 0.08026
444e-9 1.58678 0.0804
445e-9 1.58516 0.08053
446e-9 1.58351 0.08066
447e-9 1.58181 0.08079
448e-9 1.58009 0.08091
449e-9 1.57832 0.08105
450e-9 1.57648 0.08119
451e-9 1.57462 0.08133
452e-9 1.57267 0.08149
453e-9 1.57066 0.08166
454e-9 1.56861 0.08184
455e-9 1.56647 0.08205
456e-9 1.56431 0.08227
457e-9 1.56211 0.0825
458e-9 1.55989 0.08277
459e-9 1.55765 0.08304
460e-9 1.5554 0.08335
461e-9 1.55316 0.08368
462e-9 1.55091 0.08403
463e-9 1.54867 0.08442
464e-9 1.54642 0.08483
465e-9 1.54416 0.08527
466e-9 1.54185 0.08574
467e-9 1.53952 0.08623
468e-9 1.53713 0.08676
469e-9 1.53468 0.08732
470e-9 1.53219 0.0879
471e-9 1.5296 0.08853
472e-9 1.52697 0.08918
473e-9 1.52429 0.08985
474e-9 1.52158 0.09056
475e-9 1.51886 0.09127
476e-9 1.51613 0.09202
477e-9 1.51342 0.09278
478e-9 1.51071 0.09355
479e-9 1.50807 0.09434
480e-9 1.50545 0.09514
481e-9 1.50286 0.09594
482e-9 1.50031 0.09677
483e-9 1.49776 0.0976
484e-9 1.49522 0.09845
485e-9 1.49266 0.09932
486e-9 1.49009 0.10019
487e-9 1.48747 0.10109
488e-9 1.48481 0.102
489e-9 1.48211 0.10292
490e-9 1.47933 0.10387
491e-9 1.47652 0.10482
492e-9 1.47366 0.10579
493e-9 1.47076 0.10677
494e-9 1.46785 0.10775
495e-9 1.4649 0.10874
496e-9 1.46194 0.10973
497e-9 1.45898 0.11073
498e-9 1.45601 0.11171
499e-9 1.45305 0.1127
500e-9 1.45009 0.11368
501e-9 1.44713 0.11466
502e-9 1.44417 0.11565
503e-9 1.44118 0.11666
504e-9 1.43817 0.11768
505e-9 1.43514 0.11872
506e-9 1.43205 0.1198
507e-9 1.42894 0.1209
508e-9 1.42577 0.12204
509e-9 1.42254 0.12323
510e-9 1.41927 0.12445
511e-9 1.41591 0.12573
512e-9 1.41251 0.12706
513e-9 1.40906 0.12842
514e-9 1.40551 0.12987
515e-9 1.40192 0.13136
516e-9 1.39828 0.1329
517e-9 1.39455 0.13452
518e-9 1.39078 0.13618
519e-9 1.38694 0.13793
520e-9 1.38304 0.13974
521e-9 1.37909 0.14159
522e-9 1.37507 0.14355
523e-9 1.37101 0.14556
524e-9 1.36691 0.14762
525e-9 1.36276 0.14979
526e-9 1.35859 0.152
527e-9 1.35439 0.15429
528e-9 1.35017 0.15666
529e-9 1.34594 0.15908
530e-9 1.34169 0.1616
531e-9 1.33744 0.16418
532e-9 1.33319 0.16682
533e-9 1.32892 0.16956
534e-9 1.32466 0.17236
535e-9 1.32038 0.17523
536e-9 1.31608 0.17819
537e-9 1.31178 0.18121
538e-9 1.30745 0.18433
539e-9 1.3031 0.18751
540e-9 1.29873 0.19076
541e-9 1.29433 0.19413
542e-9 1.28991 0.19755
543e-9 1.28545 0.20106
544e-9 1.28096 0.20467
545e-9 1.27645 0.20834
546e-9 1.2719 0.21216
547e-9 1.26731 0.21607
548e-9 1.26271 0.22007
549e-9 1.25805 0.22426
550e-9 1.25338 0.22853
551e-9 1.24867 0.23295
552e-9 1.24393 0.23755
553e-9 1.23916 0.24225
554e-9 1.23436 0.24717
555e-9 1.22954 0.25224
556e-9 1.22469 0.25743
557e-9 1.2198 0.2629
558e-9 1.21488 0.26849
559e-9 1.20993 0.27426
560e-9 1.20492 0.28028
561e-9 1.19988 0.28643
562e-9 1.19478 0.29283
563e-9 1.18963 0.29944
564e-9 1.18444 0.30618
565e-9 1.17917 0.31326
566e-9 1.17386 0.32049
567e-9 1.1685 0.32792
568e-9 1.16306 0.33566
569e-9 1.15759 0.34356
570e-9 1.15208 0.35176
571e-9 1.14657 0.36024
572e-9 1.14106 0.36889
573e-9 1.1356 0.37797
574e-9 1.13018 0.38727
575e-9 1.12481 0.39682
576e-9 1.11958 0.40682
577e-9 1.11444 0.41702
578e-9 1.10944 0.42757
579e-9 1.10462 0.4385
580e-9 1.09993 0.44963
581e-9 1.09552 0.46122
582e-9 1.09131 0.47308
583e-9 1.08727 0.48517
584e-9 1.08365 0.49769
585e-9 1.08023 0.51037
586e-9 1.07713 0.5233
587e-9 1.07444 0.53649
588e-9 1.07197 0.5498
589e-9 1.06998 0.56334
590e-9 1.06834 0.57699
591e-9 1.06696 0.59074
592e-9 1.0662 0.60463
593e-9 1.0657 0.61855
594e-9 1.06559 0.63253
595e-9 1.06601 0.64653
596e-9 1.0667 0.66054
597e-9 1.06788 0.67453
598e-9 1.06943 0.68852
599e-9 1.07122 0.7025
600e-9 1.07354 0.71644
601e-9 1.07609 0.73036
602e-9 1.07891 0.74426
603e-9 1.08214 0.75813
604e-9 1.08555 0.77197
605e-9 1.08927 0.78577
606e-9 1.09326 0.79954
607e-9 1.09741 0.81329
608e-9 1.10188 0.82699
609e-9 1.10652 0.84067
610e-9 1.11132 0.85432
611e-9 1.11641 0.86792
612e-9 1.12165 0.88149
613e-9 1.12715 0.89501
614e-9 1.13295 0.90847
615e-9 1.13892 0.92188
616e-9 1.1453 0.93519
617e-9 1.15195 0.94843
618e-9 1.15883 0.96161
619e-9 1.16621 0.97465
620e-9 1.17382 0.98763
621e-9 1.18178 1.0005
622e-9 1.1902 1.01323
623e-9 1.19885 1.02588
624e-9 1.208 1.03839
625e-9 1.21752 1.05077
626e-9 1.22729 1.06307
627e-9 1.23766 1.07512
628e-9 1.24826 1.08703
629e-9 1.25919 1.09876
630e-9 1.27054 1.11015
631e-9 1.2821 1.12137
632e-9 1.29402 1.13224
633e-9 1.30623 1.14278
634e-9 1.31862 1.1531
635e-9 1.33139 1.1629
636e-9 1.34435 1.17241
637e-9 1.3575 1.18159
638e-9 1.37097 1.19022
639e-9 1.38458 1.19856
640e-9 1.39843 1.20643
641e-9 1.41249 1.2138
642e-9 1.42668 1.22087
643e-9 1.4411 1.22731
644e-9 1.4556 1.23339
645e-9 1.47018 1.23913
646e-9 1.48481 1.24423
647e-9 1.49944 1.24907
648e-9 1.51403 1.25347
649e-9 1.52854 1.25738
650e-9 1.54298 1.26103
651e-9 1.55725 1.26416
652e-9 1.57136 1.26692
653e-9 1.58536 1.26942
654e-9 1.59901 1.27131
655e-9 1.61249 1.27295
656e-9 1.62573 1.27423
657e-9 1.63859 1.275
658e-9 1.65125 1.27553
659e-9 1.6635 1.27558
660e-9 1.67541 1.27529
661e-9 1.68709 1.27477
662e-9 1.69829 1.27386
663e-9 1.70926 1.2728
664e-9 1.71996 1.27157
665e-9 1.73023 1.27018
666e-9 1.74032 1.26874
667e-9 1.75007 1.26724
668e-9 1.7595 1.26575
669e-9 1.76875 1.26429
670e-9 1.77759 1.26293
671e-9 1.78621 1.26168
672e-9 1.79461 1.26053
673e-9 1.80259 1.25966
674e-9 1.8104 1.25895
675e-9 1.81792 1.2585
676e-9 1.82511 1.2584
677e-9 1.83213 1.25852
678e-9 1.8388 1.25907
679e-9 1.84529 1.25995
680e-9 1.85165 1.26105
681e-9 1.85782 1.26269
682e-9 1.86395 1.26456
683e-9 1.87004 1.26674
684e-9 1.87615 1.26937
685e-9 1.88229 1.27222
686e-9 1.88853 1.27548
687e-9 1.89492 1.27908
688e-9 1.90142 1.2829
689e-9 1.90821 1.28722
690e-9 1.9152 1.29178
691e-9 1.92241 1.29662
692e-9 1.93006 1.30192
693e-9 1.93795 1.30743
694e-9 1.94623 1.3133
695e-9 1.95498 1.31953
696e-9 1.964 1.32596
697e-9 1.97365 1.33281
698e-9 1.98373 1.33983
699e-9 1.99417 1.347
700e-9 2.00541 1.35433
701e-9 2.01702 1.36168
702e-9 2.02919 1.36903
703e-9 2.0421 1.37628
704e-9 2.05541 1.38345
705e-9 2.06951 1.39041
706e-9 2.08424 1.39713
707e-9 2.0994 1.40368
708e-9 2.11559 1.40976
709e-9 2.13226 1.41557
710e-9 2.14954 1.42105
711e-9 2.16778 1.42594
712e-9 2.1865 1.43052
713e-9 2.20606 1.43454
714e-9 2.22643 1.43799
715e-9 2.2473 1.44109
716e-9 2.26925 1.44339
717e-9 2.29179 1.44519
718e-9 2.3149 1.44653
719e-9 2.33886 1.44692
720e-9 2.36312 1.44686
721e-9 2.38782 1.44607
722e-9 2.41287 1.44439
723e-9 2.43807 1.44221
724e-9 2.46347 1.43901
725e-9 2.48892 1.43502
726e-9 2.51439 1.43049
727e-9 2.53978 1.42457
728e-9 2.56506 1.41804
729e-9 2.5902 1.41065
730e-9 2.61503 1.40198
731e-9 2.63968 1.39265
732e-9 2.66397 1.3821
733e-9 2.68786 1.37042
734e-9 2.7115 1.35802
735e-9 2.73452 1.34399
736e-9 2.75717 1.32903
737e-9 2.77944 1.31313
738e-9 2.80097 1.29544
739e-9 2.82214 1.27698
740e-9 2.84275 1.25729
741e-9 2.86269 1.23642
742e-9 2.88225 1.21492
743e-9 2.90104 1.19228
744e-9 2.91925 1.16898
745e-9 2.93705 1.1452
746e-9 2.95381 1.12046
747e-9 2.9701 1.09541
748e-9 2.98574 1.0699
749e-9 3.00039 1.0439
750e-9 3.01452 1.01769
751e-9 3.02769 0.99113
752e-9 3.03995 0.96438
753e-9 3.05164 0.93752
754e-9 3.06198 0.91049
755e-9 3.07154 0.88344
756e-9 3.0803 0.85636
757e-9 3.08753 0.82934
758e-9 3.09402 0.80237
759e-9 3.09931 0.77551
760e-9 3.10315 0.74883
761e-9 3.10618 0.72227
762e-9 3.10757 0.69597
763e-9 3.10789 0.66987
764e-9 3.10744 0.64392
765e-9 3.10533 0.61833
766e-9 3.10257 0.59292
767e-9 3.09893 0.56775
768e-9 3.09413 0.54296
769e-9 3.08878 0.51838
770e-9 3.0825 0.49418
771e-9 3.07547 0.47036
772e-9 3.06799 0.4468
773e-9 3.0596 0.42381
774e-9 3.05077 0.40119
775e-9 3.04151 0.37892
776e-9 3.03154 0.35739
777e-9 3.0213 0.33623
778e-9 3.01063 0.31564
779e-9 2.99955 0.29581
780e-9 2.98827 0.2764
781e-9 2.97663 0.25787
782e-9 2.9648 0.24006
783e-9 2.95282 0.22274
784e-9 2.94062 0.20669
785e-9 2.92836 0.19126
786e-9 2.91602 0.1766
787e-9 2.90358 0.16311
788e-9 2.8911 0.15017
789e-9 2.87856 0.13816
790e-9 2.86596 0.12699
791e-9 2.85334 0.11631
792e-9 2.84067 0.10664
793e-9 2.82799 0.09753
794e-9 2.8153 0.08891
795e-9 2.80262 0.08124
796e-9 2.78995 0.07394
797e-9 2.77731 0.06722
798e-9 2.76473 0.06116
799e-9 2.75219 0.05543
800e-9 2.73973 0.0503
