lambda n k
210.0e-9 1.635797 0.392422
211.0e-9 1.647252 0.395698
212.0e-9 1.657141 0.396732
213.0e-9 1.665435 0.396714
214.0e-9 1.672666 0.396596
215.0e-9 1.679882 0.39653
216.0e-9 1.687499 0.395928
217.0e-9 1.695443 0.394291
218.0e-9 1.703306 0.391257
219.0e-9 1.710511 0.386943
220.0e-9 1.716819 0.3817
221.0e-9 1.722159 0.375826
222.0e-9 1.726555 0.369576
223.0e-9 1.730078 0.363126
224.0e-9 1.732796 0.356612
225.0e-9 1.734791 0.35016
226.0e-9 1.736182 0.343873
227.0e-9 1.737108 0.337775
228.0e-9 1.73765 0.331846
229.0e-9 1.737855 0.326074
230.0e-9 1.737756 0.32045
231.0e-9 1.737368 0.314994
232.0e-9 1.73674 0.309746
233.0e-9 1.735955 0.30474
234.0e-9 1.735143 0.300001
235.0e-9 1.734552 0.29545
236.0e-9 1.734316 0.290762
237.0e-9 1.734354 0.285606
238.0e-9 1.734453 0.279692
239.0e-9 1.734209 0.272789
240.0e-9 1.733066 0.265014
241.0e-9 1.730742 0.256718
242.0e-9 1.727115 0.248217
243.0e-9 1.722135 0.2398
244.0e-9 1.715801 0.231744
245.0e-9 1.708155 0.224323
246.0e-9 1.699299 0.217808
247.0e-9 1.689388 0.212458
248.0e-9 1.678657 0.208521
249.0e-9 1.667491 0.206172
250.0e-9 1.656273 0.205322
251.0e-9 1.645215 0.205824
252.0e-9 1.634456 0.207541
253.0e-9 1.624082 0.210342
254.0e-9 1.614107 0.214125
255.0e-9 1.604532 0.218894
256.0e-9 1.595435 0.224685
257.0e-9 1.586938 0.231524
258.0e-9 1.579205 0.239425
259.0e-9 1.572476 0.248376
260.0e-9 1.567058 0.258193
261.0e-9 1.563105 0.26857
262.0e-9 1.56067 0.279212
263.0e-9 1.559739 0.289843
264.0e-9 1.560246 0.300207
265.0e-9 1.562076 0.310076
266.0e-9 1.565086 0.319272
267.0e-9 1.569121 0.327638
268.0e-9 1.574007 0.335039
269.0e-9 1.579541 0.341363
270.0e-9 1.585479 0.346518
271.0e-9 1.591498 0.35052
272.0e-9 1.597367 0.353538
273.0e-9 1.602965 0.355734
274.0e-9 1.608218 0.357255
275.0e-9 1.613083 0.358231
276.0e-9 1.617542 0.358783
277.0e-9 1.621598 0.359012
278.0e-9 1.625261 0.359001
279.0e-9 1.628546 0.358823
280.0e-9 1.63147 0.358549
281.0e-9 1.63406 0.358242
282.0e-9 1.63635 0.357962
283.0e-9 1.638384 0.35776
284.0e-9 1.640213 0.35767
285.0e-9 1.641881 0.357722
286.0e-9 1.643439 0.357941
287.0e-9 1.644939 0.35835
288.0e-9 1.646449 0.358968
289.0e-9 1.648056 0.359806
290.0e-9 1.649892 0.360822
291.0e-9 1.652031 0.361888
292.0e-9 1.654478 0.362883
293.0e-9 1.657208 0.363698
294.0e-9 1.660163 0.364237
295.0e-9 1.663257 0.364415
296.0e-9 1.666357 0.364163
297.0e-9 1.669257 0.363511
298.0e-9 1.671845 0.362609
299.0e-9 1.674092 0.3616
300.0e-9 1.676014 0.360609
301.0e-9 1.677659 0.359751
302.0e-9 1.67911 0.359128
303.0e-9 1.680494 0.358825
304.0e-9 1.682024 0.358866
305.0e-9 1.683874 0.359104
306.0e-9 1.686098 0.359377
307.0e-9 1.688697 0.359542
308.0e-9 1.691638 0.359469
309.0e-9 1.694855 0.35904
310.0e-9 1.698252 0.358153
311.0e-9 1.701679 0.356722
312.0e-9 1.704924 0.35476
313.0e-9 1.70786 0.352383
314.0e-9 1.710428 0.349701
315.0e-9 1.712596 0.346812
316.0e-9 1.714357 0.343804
317.0e-9 1.715715 0.340761
318.0e-9 1.716692 0.337757
319.0e-9 1.717327 0.334862
320.0e-9 1.717679 0.332121
321.0e-9 1.717795 0.32955
322.0e-9 1.71771 0.327166
323.0e-9 1.717457 0.324981
324.0e-9 1.71707 0.323012
325.0e-9 1.716582 0.321272
326.0e-9 1.716034 0.319772
327.0e-9 1.715471 0.318524
328.0e-9 1.714957 0.317527
329.0e-9 1.714556 0.316743
330.0e-9 1.714298 0.316122
331.0e-9 1.714204 0.315621
332.0e-9 1.71428 0.315198
333.0e-9 1.714532 0.314814
334.0e-9 1.714954 0.314432
335.0e-9 1.71554 0.314018
336.0e-9 1.716274 0.313539
337.0e-9 1.717136 0.31297
338.0e-9 1.718101 0.312294
339.0e-9 1.71915 0.311501
340.0e-9 1.720269 0.31058
341.0e-9 1.721438 0.30952
342.0e-9 1.72264 0.308312
343.0e-9 1.723855 0.306947
344.0e-9 1.725062 0.305416
345.0e-9 1.726235 0.303714
346.0e-9 1.72734 0.301835
347.0e-9 1.728335 0.299794
348.0e-9 1.729196 0.297621
349.0e-9 1.729908 0.295345
350.0e-9 1.730466 0.29299
351.0e-9 1.730866 0.290582
352.0e-9 1.731111 0.288143
353.0e-9 1.731205 0.285695
354.0e-9 1.731157 0.283256
355.0e-9 1.73098 0.280847
356.0e-9 1.730696 0.278483
357.0e-9 1.730333 0.276162
358.0e-9 1.729908 0.273873
359.0e-9 1.729427 0.271601
360.0e-9 1.728892 0.269337
361.0e-9 1.728303 0.267069
362.0e-9 1.727656 0.264787
363.0e-9 1.726943 0.262484
364.0e-9 1.726153 0.260151
365.0e-9 1.725273 0.257781
366.0e-9 1.72428 0.255367
367.0e-9 1.723137 0.252913
368.0e-9 1.721812 0.250452
369.0e-9 1.720293 0.248024
370.0e-9 1.718581 0.245665
371.0e-9 1.716682 0.24341
372.0e-9 1.714609 0.241292
373.0e-9 1.712381 0.239342
374.0e-9 1.710021 0.23759
375.0e-9 1.707562 0.236064
376.0e-9 1.705042 0.23479
377.0e-9 1.702513 0.233791
378.0e-9 1.70005 0.233083
379.0e-9 1.697743 0.232624
380.0e-9 1.695636 0.232351
381.0e-9 1.693754 0.232202
382.0e-9 1.692106 0.232121
383.0e-9 1.690693 0.232054
384.0e-9 1.689507 0.231948
385.0e-9 1.688533 0.231756
386.0e-9 1.687747 0.231429
387.0e-9 1.687119 0.230924
388.0e-9 1.686606 0.230201
389.0e-9 1.686155 0.229221
390.0e-9 1.685685 0.227959
391.0e-9 1.685107 0.226442
392.0e-9 1.684375 0.224721
393.0e-9 1.683457 0.222838
394.0e-9 1.682336 0.220835
395.0e-9 1.681 0.218752
396.0e-9 1.679443 0.216625
397.0e-9 1.677667 0.214491
398.0e-9 1.675677 0.212383
399.0e-9 1.673481 0.210333
400.0e-9 1.671096 0.208374
401.0e-9 1.668544 0.206534
402.0e-9 1.665855 0.204841
403.0e-9 1.66308 0.20331
404.0e-9 1.660259 0.201925
405.0e-9 1.657417 0.200664
406.0e-9 1.654569 0.199511
407.0e-9 1.651724 0.198445
408.0e-9 1.648889 0.197452
409.0e-9 1.646066 0.196515
410.0e-9 1.643257 0.195617
411.0e-9 1.640459 0.194746
412.0e-9 1.637667 0.193885
413.0e-9 1.634875 0.193022
414.0e-9 1.632072 0.192143
415.0e-9 1.629244 0.191237
416.0e-9 1.62637 0.190293
417.0e-9 1.62342 0.189315
418.0e-9 1.620378 0.188317
419.0e-9 1.617233 0.187315
420.0e-9 1.613977 0.18632
421.0e-9 1.610608 0.185348
422.0e-9 1.60712 0.184409
423.0e-9 1.603514 0.183516
424.0e-9 1.599791 0.182681
425.0e-9 1.595951 0.181915
426.0e-9 1.591998 0.181229
427.0e-9 1.587935 0.180634
428.0e-9 1.583769 0.18014
429.0e-9 1.579506 0.179757
430.0e-9 1.575156 0.179495
431.0e-9 1.570735 0.179361
432.0e-9 1.566254 0.179352
433.0e-9 1.561723 0.179467
434.0e-9 1.557148 0.179702
435.0e-9 1.552534 0.180055
436.0e-9 1.547885 0.180524
437.0e-9 1.543205 0.181106
438.0e-9 1.538496 0.181799
439.0e-9 1.533762 0.182601
440.0e-9 1.529003 0.183511
441.0e-9 1.52422 0.184527
442.0e-9 1.519415 0.185647
443.0e-9 1.514587 0.186869
444.0e-9 1.509735 0.188192
445.0e-9 1.504858 0.189615
446.0e-9 1.499951 0.191137
447.0e-9 1.495008 0.192762
448.0e-9 1.490024 0.194498
449.0e-9 1.485001 0.196355
450.0e-9 1.47994 0.198339
451.0e-9 1.474845 0.200458
452.0e-9 1.469718 0.20272
453.0e-9 1.464566 0.205132
454.0e-9 1.459395 0.207701
455.0e-9 1.454211 0.210433
456.0e-9 1.449022 0.213335
457.0e-9 1.443837 0.216414
458.0e-9 1.438666 0.219674
459.0e-9 1.433521 0.223122
460.0e-9 1.428414 0.226762
461.0e-9 1.423362 0.230599
462.0e-9 1.41838 0.234636
463.0e-9 1.413496 0.238874
464.0e-9 1.408733 0.2433
465.0e-9 1.40411 0.247895
466.0e-9 1.399636 0.252642
467.0e-9 1.39532 0.257524
468.0e-9 1.391168 0.262523
469.0e-9 1.387182 0.267623
470.0e-9 1.383365 0.272809
471.0e-9 1.379717 0.278063
472.0e-9 1.376235 0.283371
473.0e-9 1.372918 0.288718
474.0e-9 1.369761 0.294091
475.0e-9 1.366757 0.299474
476.0e-9 1.363901 0.304856
477.0e-9 1.361182 0.310224
478.0e-9 1.358591 0.315566
479.0e-9 1.356115 0.320871
480.0e-9 1.353738 0.326131
481.0e-9 1.351441 0.331336
482.0e-9 1.349202 0.336493
483.0e-9 1.347006 0.34161
484.0e-9 1.344845 0.346695
485.0e-9 1.342711 0.351755
486.0e-9 1.340598 0.356798
487.0e-9 1.3385 0.361829
488.0e-9 1.336416 0.366855
489.0e-9 1.334341 0.371884
490.0e-9 1.332272 0.37692
491.0e-9 1.330209 0.381969
492.0e-9 1.32815 0.387037
493.0e-9 1.326093 0.392129
494.0e-9 1.324039 0.39725
495.0e-9 1.321986 0.402406
496.0e-9 1.319936 0.4076
497.0e-9 1.317887 0.412839
498.0e-9 1.31584 0.418126
499.0e-9 1.313795 0.423466
500.0e-9 1.31175 0.428864
501.0e-9 1.309704 0.434327
502.0e-9 1.307657 0.439867
503.0e-9 1.305613 0.445493
504.0e-9 1.303579 0.451215
505.0e-9 1.301562 0.457042
506.0e-9 1.299572 0.462981
507.0e-9 1.297619 0.46904
508.0e-9 1.295716 0.475222
509.0e-9 1.293877 0.481534
510.0e-9 1.292117 0.487978
511.0e-9 1.290459 0.494554
512.0e-9 1.288924 0.501249
513.0e-9 1.287524 0.508047
514.0e-9 1.286265 0.514933
515.0e-9 1.285152 0.521894
516.0e-9 1.284188 0.528917
517.0e-9 1.283374 0.535989
518.0e-9 1.28271 0.543099
519.0e-9 1.282195 0.550237
520.0e-9 1.281825 0.557391
521.0e-9 1.281598 0.564554
522.0e-9 1.281509 0.571715
523.0e-9 1.281553 0.578869
524.0e-9 1.281725 0.586009
525.0e-9 1.282019 0.59313
526.0e-9 1.282432 0.600226
527.0e-9 1.282957 0.607292
528.0e-9 1.283588 0.614324
529.0e-9 1.284317 0.621317
530.0e-9 1.285139 0.628269
531.0e-9 1.286045 0.635177
532.0e-9 1.287025 0.642038
533.0e-9 1.288068 0.648855
534.0e-9 1.289164 0.655633
535.0e-9 1.290307 0.662381
536.0e-9 1.291495 0.669106
537.0e-9 1.292727 0.675814
538.0e-9 1.294003 0.68251
539.0e-9 1.295322 0.689198
540.0e-9 1.296686 0.695885
541.0e-9 1.298097 0.702573
542.0e-9 1.299557 0.709265
543.0e-9 1.301068 0.715965
544.0e-9 1.302635 0.722675
545.0e-9 1.304261 0.729395
546.0e-9 1.30595 0.736125
547.0e-9 1.307705 0.742864
548.0e-9 1.309525 0.749609
549.0e-9 1.311414 0.75636
550.0e-9 1.313372 0.763116
551.0e-9 1.3154 0.769877
552.0e-9 1.317499 0.77664
553.0e-9 1.31967 0.783406
554.0e-9 1.321914 0.790174
555.0e-9 1.324231 0.796941
556.0e-9 1.326623 0.803709
557.0e-9 1.329091 0.810474
558.0e-9 1.331634 0.817237
559.0e-9 1.334255 0.823995
560.0e-9 1.336953 0.830748
561.0e-9 1.339728 0.837493
562.0e-9 1.342581 0.844231
563.0e-9 1.345512 0.850958
564.0e-9 1.348522 0.857676
565.0e-9 1.351611 0.864381
566.0e-9 1.354779 0.871073
567.0e-9 1.358027 0.877751
568.0e-9 1.361355 0.884413
569.0e-9 1.364763 0.891057
570.0e-9 1.368253 0.897683
571.0e-9 1.371824 0.904289
572.0e-9 1.375477 0.910872
573.0e-9 1.379211 0.91743
574.0e-9 1.383026 0.923962
575.0e-9 1.386923 0.930466
576.0e-9 1.390902 0.93694
577.0e-9 1.394962 0.943383
578.0e-9 1.399104 0.949792
579.0e-9 1.403328 0.956167
580.0e-9 1.407635 0.962504
581.0e-9 1.412026 0.968801
582.0e-9 1.416503 0.975056
583.0e-9 1.42107 0.981264
584.0e-9 1.42573 0.987414
585.0e-9 1.430478 0.993495
586.0e-9 1.43531 0.9995
587.0e-9 1.440216 1.00542
588.0e-9 1.44519 1.011249
589.0e-9 1.450221 1.016983
590.0e-9 1.455301 1.022617
591.0e-9 1.460417 1.028148
592.0e-9 1.46556 1.033576
593.0e-9 1.470715 1.038898
594.0e-9 1.475869 1.044115
595.0e-9 1.481007 1.049229
596.0e-9 1.486112 1.054244
597.0e-9 1.49116 1.05917
598.0e-9 1.496131 1.064031
599.0e-9 1.501021 1.068853
600.0e-9 1.50583 1.073659
601.0e-9 1.510561 1.078468
602.0e-9 1.51522 1.083297
603.0e-9 1.519812 1.088162
604.0e-9 1.524347 1.093077
605.0e-9 1.528833 1.098055
606.0e-9 1.53328 1.103108
607.0e-9 1.537697 1.108245
608.0e-9 1.542096 1.113476
609.0e-9 1.546489 1.118809
610.0e-9 1.550888 1.124252
611.0e-9 1.555304 1.129812
612.0e-9 1.559751 1.135493
613.0e-9 1.564241 1.141302
614.0e-9 1.568791 1.147243
615.0e-9 1.573413 1.153318
616.0e-9 1.578124 1.15953
617.0e-9 1.58294 1.165881
618.0e-9 1.587875 1.172369
619.0e-9 1.592948 1.178996
620.0e-9 1.598176 1.185758
621.0e-9 1.603577 1.192654
622.0e-9 1.609169 1.199677
623.0e-9 1.614973 1.206824
624.0e-9 1.62101 1.214086
625.0e-9 1.627302 1.221455
626.0e-9 1.633876 1.228918
627.0e-9 1.640764 1.236458
628.0e-9 1.647996 1.244037
629.0e-9 1.655583 1.251609
630.0e-9 1.663524 1.259137
631.0e-9 1.671815 1.266587
632.0e-9 1.680449 1.27393
633.0e-9 1.689415 1.281139
634.0e-9 1.698704 1.28819
635.0e-9 1.708303 1.295059
636.0e-9 1.718201 1.301728
637.0e-9 1.728384 1.308179
638.0e-9 1.738839 1.314392
639.0e-9 1.749553 1.320354
640.0e-9 1.760513 1.326049
641.0e-9 1.771708 1.331464
642.0e-9 1.783126 1.336585
643.0e-9 1.794759 1.341397
644.0e-9 1.806603 1.345878
645.0e-9 1.81864 1.349998
646.0e-9 1.830845 1.353733
647.0e-9 1.84319 1.357061
648.0e-9 1.855646 1.359965
649.0e-9 1.86818 1.362433
650.0e-9 1.880759 1.36445
651.0e-9 1.893349 1.366009
652.0e-9 1.905914 1.367102
653.0e-9 1.918416 1.367724
654.0e-9 1.930817 1.367872
655.0e-9 1.943075 1.367545
656.0e-9 1.955147 1.366744
657.0e-9 1.966986 1.365475
658.0e-9 1.978538 1.363744
659.0e-9 1.989747 1.361565
660.0e-9 2.000542 1.358956
661.0e-9 2.010833 1.355969
662.0e-9 2.020566 1.352704
663.0e-9 2.029727 1.349249
664.0e-9 2.038313 1.34568
665.0e-9 2.046332 1.342065
666.0e-9 2.053796 1.338466
667.0e-9 2.060719 1.334941
668.0e-9 2.067122 1.331542
669.0e-9 2.073028 1.32832
670.0e-9 2.078461 1.325321
671.0e-9 2.083451 1.322587
672.0e-9 2.088027 1.320161
673.0e-9 2.092223 1.318081
674.0e-9 2.096076 1.316381
675.0e-9 2.099622 1.315096
676.0e-9 2.102905 1.314256
677.0e-9 2.105969 1.313887
678.0e-9 2.108864 1.314014
679.0e-9 2.111646 1.314652
680.0e-9 2.114367 1.315799
681.0e-9 2.117069 1.317453
682.0e-9 2.119789 1.319615
683.0e-9 2.122567 1.322284
684.0e-9 2.125439 1.325459
685.0e-9 2.128444 1.329137
686.0e-9 2.131618 1.333317
687.0e-9 2.135001 1.337994
688.0e-9 2.138631 1.343163
689.0e-9 2.142547 1.348816
690.0e-9 2.146789 1.354946
691.0e-9 2.151399 1.361542
692.0e-9 2.156418 1.36859
693.0e-9 2.16189 1.376079
694.0e-9 2.16786 1.383989
695.0e-9 2.174376 1.392301
696.0e-9 2.181489 1.400991
697.0e-9 2.189255 1.410031
698.0e-9 2.197745 1.419373
699.0e-9 2.207013 1.428935
700.0e-9 2.217078 1.438636
701.0e-9 2.227948 1.448404
702.0e-9 2.239623 1.458175
703.0e-9 2.252099 1.467889
704.0e-9 2.265367 1.477491
705.0e-9 2.279416 1.48693
706.0e-9 2.294234 1.496161
707.0e-9 2.309805 1.505139
708.0e-9 2.326114 1.513826
709.0e-9 2.343145 1.522184
710.0e-9 2.360882 1.530178
711.0e-9 2.37931 1.537776
712.0e-9 2.398414 1.54495
713.0e-9 2.418181 1.551669
714.0e-9 2.438598 1.557907
715.0e-9 2.459659 1.563637
716.0e-9 2.481357 1.568833
717.0e-9 2.503696 1.573466
718.0e-9 2.52669 1.577498
719.0e-9 2.550353 1.580855
720.0e-9 2.574655 1.583458
721.0e-9 2.599556 1.585241
722.0e-9 2.625011 1.58615
723.0e-9 2.650969 1.586135
724.0e-9 2.677376 1.585155
725.0e-9 2.704176 1.583172
726.0e-9 2.731315 1.580154
727.0e-9 2.758734 1.576073
728.0e-9 2.786378 1.570903
729.0e-9 2.814184 1.564622
730.0e-9 2.842099 1.557212
731.0e-9 2.870056 1.548655
732.0e-9 2.897999 1.538936
733.0e-9 2.92586 1.528044
734.0e-9 2.953577 1.515967
735.0e-9 2.981078 1.502698
736.0e-9 3.008292 1.488228
737.0e-9 3.03514 1.472555
738.0e-9 3.061533 1.455676
739.0e-9 3.087363 1.437599
740.0e-9 3.112495 1.418377
741.0e-9 3.136842 1.398117
742.0e-9 3.160366 1.376908
743.0e-9 3.183033 1.35483
744.0e-9 3.204823 1.331953
745.0e-9 3.225723 1.308342
746.0e-9 3.24572 1.284053
747.0e-9 3.264808 1.259138
748.0e-9 3.28298 1.233646
749.0e-9 3.300232 1.207621
750.0e-9 3.31656 1.181107
751.0e-9 3.33196 1.154142
752.0e-9 3.346433 1.126761
753.0e-9 3.359974 1.099001
754.0e-9 3.372581 1.070891
755.0e-9 3.384254 1.042463
756.0e-9 3.394985 1.013746
757.0e-9 3.404773 0.98477
758.0e-9 3.413611 0.955558
759.0e-9 3.421493 0.926135
760.0e-9 3.428407 0.896527
761.0e-9 3.43434 0.866758
762.0e-9 3.439266 0.836853
763.0e-9 3.443154 0.806855
764.0e-9 3.445989 0.776825
765.0e-9 3.447766 0.746817
766.0e-9 3.448486 0.716882
767.0e-9 3.448152 0.687071
768.0e-9 3.446771 0.657437
769.0e-9 3.444351 0.628023
770.0e-9 3.440903 0.59888
771.0e-9 3.436439 0.570056
772.0e-9 3.430972 0.541595
773.0e-9 3.424517 0.513546
774.0e-9 3.417094 0.485956
775.0e-9 3.408719 0.458871
776.0e-9 3.399415 0.43234
777.0e-9 3.389205 0.406411
778.0e-9 3.378115 0.381135
779.0e-9 3.366176 0.356561
780.0e-9 3.353421 0.332742
781.0e-9 3.339887 0.309729
782.0e-9 3.325619 0.287578
783.0e-9 3.310667 0.266345
784.0e-9 3.295091 0.246088
785.0e-9 3.278967 0.226867
786.0e-9 3.262392 0.208741
787.0e-9 3.245513 0.191735
788.0e-9 3.228445 0.175805
789.0e-9 3.211268 0.160908
790.0e-9 3.194049 0.147004
791.0e-9 3.176844 0.134052
792.0e-9 3.159703 0.122013
793.0e-9 3.14267 0.110849
794.0e-9 3.125786 0.100523
795.0e-9 3.109085 0.090997
796.0e-9 3.092602 0.082234
797.0e-9 3.076366 0.074197
798.0e-9 3.060405 0.066848
799.0e-9 3.044743 0.060152
800.0e-9 3.029401 0.054069
801.0e-9 3.014401 0.048564
802.0e-9 2.999759 0.043597
803.0e-9 2.985489 0.03913
804.0e-9 2.971604 0.035126
805.0e-9 2.958114 0.031545
806.0e-9 2.945025 0.028347
807.0e-9 2.93234 0.025494
808.0e-9 2.920059 0.022946
809.0e-9 2.90818 0.020663
810.0e-9 2.896695 0.018604
811.0e-9 2.885588 0.016729
812.0e-9 2.874834 0.014999
813.0e-9 2.864394 0.013392
814.0e-9 2.854242 0.011903
815.0e-9 2.844358 0.010528
816.0e-9 2.834732 0.009262
817.0e-9 2.825348 0.008102
818.0e-9 2.816199 0.007043
819.0e-9 2.807276 0.00608
820.0e-9 2.798571 0.005209
821.0e-9 2.790079 0.004426
822.0e-9 2.781792 0.003725
823.0e-9 2.773706 0.003103
824.0e-9 2.765815 0.002554
825.0e-9 2.758116 0.002074
826.0e-9 2.750602 0.001659
827.0e-9 2.743269 0.001303
828.0e-9 2.736115 0.001002
829.0e-9 2.729134 0.000752
830.0e-9 2.722322 0.000547
831.0e-9 2.715675 0.000384
832.0e-9 2.70919 0.000256
833.0e-9 2.702863 0.000161
834.0e-9 2.696689 9.3e-05
835.0e-9 2.690663 4.7e-05
836.0e-9 2.684782 2e-05
837.0e-9 2.67904 6e-06
838.0e-9 2.673432 1e-06
839.0e-9 2.667953 0.0
840.0e-9 2.662595 0.0
841.0e-9 2.65735 0.0
842.0e-9 2.652212 0.0
843.0e-9 2.647176 0.0
844.0e-9 2.642239 0.0
845.0e-9 2.637396 0.0
846.0e-9 2.632644 0.0
847.0e-9 2.62798 0.0
848.0e-9 2.623399 0.0
849.0e-9 2.6189 0.0
850.0e-9 2.614479 0.0
851.0e-9 2.610135 0.0
852.0e-9 2.605864 0.0
853.0e-9 2.601664 0.0
854.0e-9 2.597533 0.0
855.0e-9 2.59347 0.0
856.0e-9 2.589472 0.0
857.0e-9 2.585536 0.0
858.0e-9 2.581662 0.0
859.0e-9 2.577848 0.0
860.0e-9 2.574092 0.0
861.0e-9 2.570393 0.0
862.0e-9 2.566748 0.0
863.0e-9 2.563157 0.0
864.0e-9 2.559618 0.0
865.0e-9 2.55613 0.0
866.0e-9 2.552692 0.0
867.0e-9 2.549302 0.0
868.0e-9 2.545959 0.0
869.0e-9 2.542662 0.0
870.0e-9 2.53941 0.0
871.0e-9 2.536202 0.0
872.0e-9 2.533037 0.0
873.0e-9 2.529913 0.0
874.0e-9 2.526831 0.0
875.0e-9 2.523789 0.0
876.0e-9 2.520785 0.0
877.0e-9 2.517821 0.0
878.0e-9 2.514893 0.0
879.0e-9 2.512002 0.0
880.0e-9 2.509147 0.0
881.0e-9 2.506327 0.0
882.0e-9 2.503541 0.0
883.0e-9 2.500789 0.0
884.0e-9 2.49807 0.0
885.0e-9 2.495383 0.0
886.0e-9 2.492728 0.0
887.0e-9 2.490104 0.0
888.0e-9 2.48751 0.0
889.0e-9 2.484946 0.0
890.0e-9 2.482411 0.0
891.0e-9 2.479906 0.0
892.0e-9 2.477428 0.0
893.0e-9 2.474977 0.0
894.0e-9 2.472554 0.0
895.0e-9 2.470158 0.0
896.0e-9 2.467787 0.0
897.0e-9 2.465442 0.0
898.0e-9 2.463123 0.0
899.0e-9 2.460828 0.0
900.0e-9 2.458557 0.0
901.0e-9 2.45631 0.0
902.0e-9 2.454087 0.0
903.0e-9 2.451886 0.0
904.0e-9 2.449709 0.0
905.0e-9 2.447553 0.0
906.0e-9 2.44542 0.0
907.0e-9 2.443308 0.0
908.0e-9 2.441216 0.0
909.0e-9 2.439147 0.0
910.0e-9 2.437097 0.0
911.0e-9 2.435067 0.0
912.0e-9 2.433057 0.0
913.0e-9 2.431067 0.0
914.0e-9 2.429096 0.0
915.0e-9 2.427143 0.0
916.0e-9 2.42521 0.0
917.0e-9 2.423294 0.0
918.0e-9 2.421396 0.0
919.0e-9 2.419517 0.0
920.0e-9 2.417654 0.0
921.0e-9 2.415809 0.0
922.0e-9 2.41398 0.0
923.0e-9 2.412169 0.0
924.0e-9 2.410373 0.0
925.0e-9 2.408594 0.0
926.0e-9 2.406831 0.0
927.0e-9 2.405083 0.0
928.0e-9 2.403351 0.0
929.0e-9 2.401634 0.0
930.0e-9 2.399933 0.0
931.0e-9 2.398246 0.0
932.0e-9 2.396573 0.0
933.0e-9 2.394915 0.0
934.0e-9 2.393271 0.0
935.0e-9 2.391641 0.0
936.0e-9 2.390025 0.0
937.0e-9 2.388422 0.0
938.0e-9 2.386833 0.0
939.0e-9 2.385257 0.0
940.0e-9 2.383694 0.0
941.0e-9 2.382144 0.0
942.0e-9 2.380606 0.0
943.0e-9 2.379081 0.0
944.0e-9 2.377569 0.0
945.0e-9 2.376068 0.0
946.0e-9 2.37458 0.0
947.0e-9 2.373104 0.0
948.0e-9 2.371639 0.0
949.0e-9 2.370186 0.0
950.0e-9 2.368744 0.0
951.0e-9 2.367313 0.0
952.0e-9 2.365894 0.0
953.0e-9 2.364485 0.0
954.0e-9 2.363088 0.0
955.0e-9 2.361701 0.0
956.0e-9 2.360325 0.0
957.0e-9 2.358959 0.0
958.0e-9 2.357603 0.0
959.0e-9 2.356258 0.0
960.0e-9 2.354922 0.0
961.0e-9 2.353597 0.0
962.0e-9 2.352281 0.0
963.0e-9 2.350976 0.0
964.0e-9 2.349679 0.0
965.0e-9 2.348392 0.0
966.0e-9 2.347115 0.0
967.0e-9 2.345846 0.0
968.0e-9 2.344587 0.0
969.0e-9 2.343337 0.0
970.0e-9 2.342096 0.0
971.0e-9 2.340864 0.0
972.0e-9 2.33964 0.0
973.0e-9 2.338425 0.0
974.0e-9 2.337218 0.0
975.0e-9 2.33602 0.0
976.0e-9 2.334831 0.0
977.0e-9 2.333649 0.0
978.0e-9 2.332475 0.0
979.0e-9 2.33131 0.0
980.0e-9 2.330153 0.0
981.0e-9 2.329003 0.0
982.0e-9 2.327861 0.0
983.0e-9 2.326727 0.0
984.0e-9 2.3256 0.0
985.0e-9 2.324481 0.0
986.0e-9 2.32337 0.0
987.0e-9 2.322265 0.0
988.0e-9 2.321168 0.0
989.0e-9 2.320079 0.0
990.0e-9 2.318996 0.0
991.0e-9 2.31792 0.0
992.0e-9 2.316852 0.0
993.0e-9 2.31579 0.0
994.0e-9 2.314735 0.0
995.0e-9 2.313687 0.0
996.0e-9 2.312645 0.0
997.0e-9 2.31161 0.0
998.0e-9 2.310582 0.0
999.0e-9 2.30956 0.0
1000.0e-9 2.308545 0.0
1002.5e-9 2.306034 0.0
1005.0e-9 2.303561 0.0
1007.5e-9 2.301126 0.0
1010.0e-9 2.298728 0.0
1012.5e-9 2.296366 0.0
1015.0e-9 2.294039 0.0
1017.5e-9 2.291746 0.0
1020.0e-9 2.289486 0.0
1022.5e-9 2.287259 0.0
1025.0e-9 2.285063 0.0
1027.5e-9 2.282898 0.0
1030.0e-9 2.280764 0.0
1032.5e-9 2.278659 0.0
1035.0e-9 2.276583 0.0
1037.5e-9 2.274536 0.0
1040.0e-9 2.272516 0.0
1042.5e-9 2.270522 0.0
1045.0e-9 2.268556 0.0
1047.5e-9 2.266615 0.0
1050.0e-9 2.264699 0.0
1052.5e-9 2.262809 0.0
1055.0e-9 2.260942 0.0
1057.5e-9 2.259099 0.0
1060.0e-9 2.257279 0.0
1062.5e-9 2.255482 0.0
1065.0e-9 2.253707 0.0
1067.5e-9 2.251954 0.0
1070.0e-9 2.250223 0.0
1072.5e-9 2.248512 0.0
1075.0e-9 2.246822 0.0
1077.5e-9 2.245151 0.0
1080.0e-9 2.243501 0.0
1082.5e-9 2.241869 0.0
1085.0e-9 2.240257 0.0
1087.5e-9 2.238663 0.0
1090.0e-9 2.237087 0.0
1092.5e-9 2.235529 0.0
1095.0e-9 2.233989 0.0
1097.5e-9 2.232465 0.0
1100.0e-9 2.230959 0.0
1102.5e-9 2.229469 0.0
1105.0e-9 2.227995 0.0
1107.5e-9 2.226537 0.0
1110.0e-9 2.225095 0.0
1112.5e-9 2.223668 0.0
1115.0e-9 2.222256 0.0
1117.5e-9 2.220859 0.0
1120.0e-9 2.219476 0.0
1122.5e-9 2.218108 0.0
1125.0e-9 2.216754 0.0
1127.5e-9 2.215413 0.0
1130.0e-9 2.214086 0.0
1132.5e-9 2.212772 0.0
1135.0e-9 2.211472 0.0
1137.5e-9 2.210184 0.0
1140.0e-9 2.208908 0.0
1142.5e-9 2.207645 0.0
1145.0e-9 2.206394 0.0
1147.5e-9 2.205156 0.0
1150.0e-9 2.203928 0.0
1152.5e-9 2.202713 0.0
1155.0e-9 2.201509 0.0
1157.5e-9 2.200316 0.0
1160.0e-9 2.199134 0.0
1162.5e-9 2.197963 0.0
1165.0e-9 2.196802 0.0
1167.5e-9 2.195652 0.0
1170.0e-9 2.194513 0.0
1172.5e-9 2.193383 0.0
1175.0e-9 2.192264 0.0
1177.5e-9 2.191154 0.0
1180.0e-9 2.190054 0.0
1182.5e-9 2.188963 0.0
1185.0e-9 2.187882 0.0
1187.5e-9 2.18681 0.0
1190.0e-9 2.185748 0.0
1192.5e-9 2.184694 0.0
1195.0e-9 2.183649 0.0
1197.5e-9 2.182612 0.0
1200.0e-9 2.181584 0.0
1202.5e-9 2.180565 0.0
1205.0e-9 2.179554 0.0
1207.5e-9 2.17855 0.0
1210.0e-9 2.177555 0.0
1212.5e-9 2.176568 0.0
1215.0e-9 2.175589 0.0
1217.5e-9 2.174617 0.0
1220.0e-9 2.173653 0.0
1222.5e-9 2.172697 0.0
1225.0e-9 2.171747 0.0
1227.5e-9 2.170805 0.0
1230.0e-9 2.16987 0.0
1232.5e-9 2.168942 0.0
1235.0e-9 2.168021 0.0
1237.5e-9 2.167107 0.0
1240.0e-9 2.1662 0.0
1242.5e-9 2.165299 0.0
1245.0e-9 2.164405 0.0
1247.5e-9 2.163517 0.0
1250.0e-9 2.162636 0.0
1252.5e-9 2.161761 0.0
1255.0e-9 2.160892 0.0
1257.5e-9 2.160029 0.0
1260.0e-9 2.159173 0.0
1262.5e-9 2.158322 0.0
1265.0e-9 2.157477 0.0
1267.5e-9 2.156638 0.0
1270.0e-9 2.155804 0.0
1272.5e-9 2.154977 0.0
1275.0e-9 2.154154 0.0
1277.5e-9 2.153337 0.0
1280.0e-9 2.152526 0.0
1282.5e-9 2.15172 0.0
1285.0e-9 2.150919 0.0
1287.5e-9 2.150123 0.0
1290.0e-9 2.149333 0.0
1292.5e-9 2.148547 0.0
1295.0e-9 2.147767 0.0
1297.5e-9 2.146991 0.0
1300.0e-9 2.14622 0.0
1302.5e-9 2.145454 0.0
1305.0e-9 2.144693 0.0
1307.5e-9 2.143936 0.0
1310.0e-9 2.143184 0.0
1312.5e-9 2.142437 0.0
1315.0e-9 2.141694 0.0
1317.5e-9 2.140956 0.0
1320.0e-9 2.140221 0.0
1322.5e-9 2.139492 0.0
1325.0e-9 2.138766 0.0
1327.5e-9 2.138045 0.0
1330.0e-9 2.137328 0.0
1332.5e-9 2.136615 0.0
1335.0e-9 2.135906 0.0
1337.5e-9 2.135201 0.0
1340.0e-9 2.134499 0.0
1342.5e-9 2.133802 0.0
1345.0e-9 2.133109 0.0
1347.5e-9 2.132419 0.0
1350.0e-9 2.131734 0.0
1352.5e-9 2.131052 0.0
1355.0e-9 2.130373 0.0
1357.5e-9 2.129699 0.0
1360.0e-9 2.129027 0.0
1362.5e-9 2.12836 0.0
1365.0e-9 2.127696 0.0
1367.5e-9 2.127035 0.0
1370.0e-9 2.126378 0.0
1372.5e-9 2.125724 0.0
1375.0e-9 2.125073 0.0
1377.5e-9 2.124426 0.0
1380.0e-9 2.123782 0.0
1382.5e-9 2.123142 0.0
1385.0e-9 2.122504 0.0
1387.5e-9 2.121869 0.0
1390.0e-9 2.121238 0.0
1392.5e-9 2.12061 0.0
1395.0e-9 2.119984 0.0
1397.5e-9 2.119362 0.0
1400.0e-9 2.118743 0.0
1402.5e-9 2.118126 0.0
1405.0e-9 2.117513 0.0
1407.5e-9 2.116902 0.0
1410.0e-9 2.116294 0.0
1412.5e-9 2.115689 0.0
1415.0e-9 2.115087 0.0
1417.5e-9 2.114487 0.0
1420.0e-9 2.11389 0.0
1422.5e-9 2.113296 0.0
1425.0e-9 2.112705 0.0
1427.5e-9 2.112115 0.0
1430.0e-9 2.111529 0.0
1432.5e-9 2.110945 0.0
1435.0e-9 2.110364 0.0
1437.5e-9 2.109785 0.0
1440.0e-9 2.109208 0.0
1442.5e-9 2.108634 0.0
1445.0e-9 2.108063 0.0
1447.5e-9 2.107493 0.0
1450.0e-9 2.106927 0.0
1452.5e-9 2.106362 0.0
1455.0e-9 2.1058 0.0
1457.5e-9 2.10524 0.0
1460.0e-9 2.104682 0.0
1462.5e-9 2.104126 0.0
1465.0e-9 2.103573 0.0
1467.5e-9 2.103022 0.0
1470.0e-9 2.102473 0.0
1472.5e-9 2.101926 0.0
1475.0e-9 2.101381 0.0
1477.5e-9 2.100838 0.0
1480.0e-9 2.100297 0.0
1482.5e-9 2.099759 0.0
1485.0e-9 2.099222 0.0
1487.5e-9 2.098687 0.0
1490.0e-9 2.098155 0.0
1492.5e-9 2.097624 0.0
1495.0e-9 2.097095 0.0
1497.5e-9 2.096568 0.0
1500.0e-9 2.096043 0.0
1502.5e-9 2.09552 0.0
1505.0e-9 2.094998 0.0
1507.5e-9 2.094479 0.0
1510.0e-9 2.093961 0.0
1512.5e-9 2.093445 0.0
1515.0e-9 2.092931 0.0
1517.5e-9 2.092418 0.0
1520.0e-9 2.091907 0.0
1522.5e-9 2.091398 0.0
1525.0e-9 2.090891 0.0
1527.5e-9 2.090385 0.0
1530.0e-9 2.089881 0.0
1532.5e-9 2.089378 0.0
1535.0e-9 2.088877 0.0
1537.5e-9 2.088378 0.0
1540.0e-9 2.087881 0.0
1542.5e-9 2.087384 0.0
1545.0e-9 2.08689 0.0
1547.5e-9 2.086397 0.0
1550.0e-9 2.085905 0.0
1552.5e-9 2.085415 0.0
1555.0e-9 2.084926 0.0
1557.5e-9 2.084439 0.0
1560.0e-9 2.083954 0.0
1562.5e-9 2.083469 0.0
1565.0e-9 2.082986 0.0
1567.5e-9 2.082505 0.0
1570.0e-9 2.082025 0.0
1572.5e-9 2.081546 0.0
1575.0e-9 2.081069 0.0
1577.5e-9 2.080593 0.0
1580.0e-9 2.080118 0.0
1582.5e-9 2.079645 0.0
1585.0e-9 2.079173 0.0
1587.5e-9 2.078702 0.0
1590.0e-9 2.078232 0.0
1592.5e-9 2.077764 0.0
1595.0e-9 2.077297 0.0
1597.5e-9 2.076831 0.0
1600.0e-9 2.076367 0.0
1602.5e-9 2.075903 0.0
1605.0e-9 2.075441 0.0
1607.5e-9 2.07498 0.0
1610.0e-9 2.07452 0.0
1612.5e-9 2.074062 0.0
1615.0e-9 2.073604 0.0
1617.5e-9 2.073148 0.0
1620.0e-9 2.072692 0.0
1622.5e-9 2.072238 0.0
1625.0e-9 2.071785 0.0
1627.5e-9 2.071333 0.0
1630.0e-9 2.070882 0.0
1632.5e-9 2.070432 0.0
1635.0e-9 2.069983 0.0
1637.5e-9 2.069535 0.0
1640.0e-9 2.069088 0.0
1642.5e-9 2.068643 0.0
1645.0e-9 2.068198 0.0
1647.5e-9 2.067754 0.0
1650.0e-9 2.067311 0.0
1652.5e-9 2.066869 0.0
1655.0e-9 2.066428 0.0
1657.5e-9 2.065989 0.0
1660.0e-9 2.06555 0.0
1662.5e-9 2.065112 0.0
1665.0e-9 2.064674 0.0
1667.5e-9 2.064238 0.0
1670.0e-9 2.063803 0.0
1672.5e-9 2.063368 0.0
1675.0e-9 2.062935 0.0
1677.5e-9 2.062502 0.0
1680.0e-9 2.06207 0.0
1682.5e-9 2.061639 0.0
1685.0e-9 2.061209 0.0
1687.5e-9 2.06078 0.0
1690.0e-9 2.060351 0.0
