lambda n k
300e-9 1.51181 0.12989
301e-9 1.50863 0.13137
302e-9 1.50531 0.1329
303e-9 1.50198 0.13449
304e-9 1.49864 0.13615
305e-9 1.49543 0.138
306e-9 1.49228 0.13993
307e-9 1.48924 0.14203
308e-9 1.48625 0.14422
309e-9 1.48329 0.14645
310e-9 1.4804 0.14873
311e-9 1.47755 0.151
312e-9 1.47478 0.15325
313e-9 1.47217 0.15544
314e-9 1.46964 0.15768
315e-9 1.46732 0.16008
316e-9 1.46519 0.16284
317e-9 1.4632 0.16583
318e-9 1.46149 0.16932
319e-9 1.45986 0.17285
320e-9 1.45834 0.17643
321e-9 1.4569 0.17979
322e-9 1.45548 0.1831
323e-9 1.45412 0.18638
324e-9 1.45282 0.18992
325e-9 1.45155 0.19362
326e-9 1.45046 0.19776
327e-9 1.44959 0.20181
328e-9 1.44895 0.20577
329e-9 1.44892 0.209
330e-9 1.44915 0.21193
331e-9 1.44982 0.21434
332e-9 1.45066 0.21681
333e-9 1.45157 0.21937
334e-9 1.45242 0.22261
335e-9 1.45324 0.22609
336e-9 1.45405 0.22979
337e-9 1.45498 0.23314
338e-9 1.45601 0.23612
339e-9 1.45722 0.23842
340e-9 1.4585 0.24018
341e-9 1.45978 0.24174
342e-9 1.46092 0.24322
343e-9 1.46187 0.24488
344e-9 1.46267 0.24672
345e-9 1.46324 0.24851
346e-9 1.46379 0.25007
347e-9 1.46431 0.25119
348e-9 1.46493 0.25147
349e-9 1.46557 0.25138
350e-9 1.46621 0.25076
351e-9 1.46672 0.25021
352e-9 1.46715 0.24972
353e-9 1.46723 0.24999
354e-9 1.46721 0.25052
355e-9 1.46704 0.25142
356e-9 1.46686 0.25238
357e-9 1.46673 0.25327
358e-9 1.46677 0.25383
359e-9 1.46694 0.25413
360e-9 1.46718 0.25425
361e-9 1.46742 0.25432
362e-9 1.46758 0.25451
363e-9 1.46762 0.25488
364e-9 1.46734 0.25574
365e-9 1.46686 0.25687
366e-9 1.46595 0.25856
367e-9 1.46459 0.26078
368e-9 1.46294 0.26336
369e-9 1.46055 0.26683
370e-9 1.45804 0.27071
371e-9 1.45538 0.27509
372e-9 1.45309 0.28014
373e-9 1.45114 0.28549
374e-9 1.45 0.29135
375e-9 1.44979 0.29751
376e-9 1.45012 0.30384
377e-9 1.45157 0.31029
378e-9 1.45348 0.31665
379e-9 1.45591 0.32291
380e-9 1.45901 0.32876
381e-9 1.46235 0.33442
382e-9 1.46611 0.33973
383e-9 1.47014 0.34478
384e-9 1.47434 0.34968
385e-9 1.47877 0.35432
386e-9 1.48328 0.35885
387e-9 1.48787 0.36326
388e-9 1.49257 0.36743
389e-9 1.49733 0.37148
390e-9 1.50218 0.37531
391e-9 1.50712 0.37887
392e-9 1.5121 0.38227
393e-9 1.51722 0.3853
394e-9 1.52247 0.38805
395e-9 1.52782 0.39057
396e-9 1.53348 0.39255
397e-9 1.53929 0.39427
398e-9 1.54537 0.39557
399e-9 1.55172 0.39638
400e-9 1.55817 0.39695
401e-9 1.56469 0.39707
402e-9 1.57109 0.39695
403e-9 1.57739 0.39665
404e-9 1.58322 0.39604
405e-9 1.5888 0.39534
406e-9 1.59401 0.3945
407e-9 1.59895 0.39347
408e-9 1.60381 0.39234
409e-9 1.60864 0.39102
410e-9 1.61362 0.38955
411e-9 1.61871 0.38798
412e-9 1.62425 0.38618
413e-9 1.62989 0.38427
414e-9 1.63569 0.38221
415e-9 1.64144 0.37994
416e-9 1.64712 0.37755
417e-9 1.65253 0.37495
418e-9 1.65757 0.37215
419e-9 1.66238 0.36922
420e-9 1.66661 0.36589
421e-9 1.67068 0.36229
422e-9 1.67455 0.35834
423e-9 1.6783 0.35375
424e-9 1.68206 0.34879
425e-9 1.68588 0.34313
426e-9 1.68982 0.3368
427e-9 1.69382 0.33009
428e-9 1.69768 0.32265
429e-9 1.70127 0.31501
430e-9 1.70457 0.30713
431e-9 1.70701 0.2991
432e-9 1.70895 0.29107
433e-9 1.70989 0.2831
434e-9 1.70981 0.27526
435e-9 1.70914 0.26751
436e-9 1.70734 0.25991
437e-9 1.70509 0.25239
438e-9 1.70236 0.24494
439e-9 1.69903 0.23758
440e-9 1.69552 0.23026
441e-9 1.69174 0.22301
442e-9 1.68781 0.21588
443e-9 1.68378 0.20885
444e-9 1.67959 0.20213
445e-9 1.67532 0.19569
446e-9 1.67097 0.1895
447e-9 1.6665 0.18397
448e-9 1.66198 0.17879
449e-9 1.65739 0.1742
450e-9 1.65274 0.17026
451e-9 1.64807 0.16665
452e-9 1.64335 0.16364
453e-9 1.63863 0.16091
454e-9 1.6339 0.15842
455e-9 1.62921 0.15625
456e-9 1.62456 0.15415
457e-9 1.61995 0.15216
458e-9 1.61542 0.15021
459e-9 1.61092 0.14831
460e-9 1.6065 0.1465
461e-9 1.60211 0.1448
462e-9 1.59775 0.14318
463e-9 1.59344 0.14182
464e-9 1.58914 0.14059
465e-9 1.58487 0.13956
466e-9 1.58059 0.13884
467e-9 1.5763 0.13825
468e-9 1.57201 0.13793
469e-9 1.56767 0.13774
470e-9 1.56332 0.13765
471e-9 1.55885 0.13769
472e-9 1.55434 0.13775
473e-9 1.54975 0.13784
474e-9 1.54502 0.1379
475e-9 1.54022 0.13793
476e-9 1.53529 0.1379
477e-9 1.53029 0.13786
478e-9 1.52524 0.13781
479e-9 1.52015 0.13782
480e-9 1.51507 0.13789
481e-9 1.51001 0.13803
482e-9 1.50502 0.13835
483e-9 1.50009 0.13876
484e-9 1.49526 0.13937
485e-9 1.49056 0.14017
486e-9 1.48593 0.14109
487e-9 1.48145 0.14223
488e-9 1.47705 0.14346
489e-9 1.47272 0.14479
490e-9 1.4685 0.14625
491e-9 1.46433 0.14775
492e-9 1.46023 0.14932
493e-9 1.4562 0.15092
494e-9 1.4522 0.15253
495e-9 1.44827 0.15418
496e-9 1.44437 0.15585
497e-9 1.44049 0.15755
498e-9 1.43666 0.15934
499e-9 1.43285 0.16117
500e-9 1.42905 0.16308
501e-9 1.42527 0.16511
502e-9 1.4215 0.16721
503e-9 1.41774 0.16946
504e-9 1.41398 0.17182
505e-9 1.41023 0.17429
506e-9 1.40647 0.17692
507e-9 1.40271 0.17961
508e-9 1.39893 0.18241
509e-9 1.39515 0.1853
510e-9 1.39136 0.18824
511e-9 1.38755 0.19125
512e-9 1.38372 0.19431
513e-9 1.37988 0.19739
514e-9 1.37601 0.20052
515e-9 1.37212 0.20367
516e-9 1.3682 0.20686
517e-9 1.36425 0.21016
518e-9 1.36029 0.21353
519e-9 1.35629 0.21708
520e-9 1.35229 0.22082
521e-9 1.34827 0.22468
522e-9 1.34423 0.22891
523e-9 1.34019 0.23334
524e-9 1.33614 0.23802
525e-9 1.33209 0.24315
526e-9 1.32804 0.24848
527e-9 1.324 0.25417
528e-9 1.31997 0.26009
529e-9 1.31594 0.26615
530e-9 1.31191 0.2724
531e-9 1.30788 0.27869
532e-9 1.30385 0.28502
533e-9 1.2998 0.29131
534e-9 1.29575 0.29754
535e-9 1.29167 0.30365
536e-9 1.28755 0.30954
537e-9 1.28341 0.31531
538e-9 1.27924 0.32081
539e-9 1.27505 0.32623
540e-9 1.27086 0.33157
541e-9 1.2667 0.33692
542e-9 1.26256 0.34231
543e-9 1.25848 0.34782
544e-9 1.25449 0.35355
545e-9 1.25057 0.35942
546e-9 1.2468 0.36568
547e-9 1.24316 0.37226
548e-9 1.23964 0.37909
549e-9 1.23641 0.38659
550e-9 1.23332 0.39435
551e-9 1.23046 0.40249
552e-9 1.22791 0.41103
553e-9 1.22553 0.41975
554e-9 1.22351 0.42879
555e-9 1.22176 0.43798
556e-9 1.22021 0.44728
557e-9 1.21915 0.45673
558e-9 1.21829 0.46619
559e-9 1.21773 0.47567
560e-9 1.2176 0.48508
561e-9 1.21768 0.49445
562e-9 1.21814 0.50369
563e-9 1.21888 0.51284
564e-9 1.21978 0.52193
565e-9 1.22101 0.53088
566e-9 1.22235 0.53978
567e-9 1.22382 0.54861
568e-9 1.22545 0.55737
569e-9 1.22713 0.5661
570e-9 1.22889 0.57478
571e-9 1.23067 0.58344
572e-9 1.23245 0.59208
573e-9 1.23421 0.60071
574e-9 1.23593 0.60935
575e-9 1.23761 0.618
576e-9 1.23928 0.62671
577e-9 1.24097 0.63544
578e-9 1.24271 0.64425
579e-9 1.24457 0.65316
580e-9 1.24652 0.66213
581e-9 1.24867 0.67124
582e-9 1.25101 0.68046
583e-9 1.25349 0.68976
584e-9 1.25637 0.69927
585e-9 1.25944 0.70888
586e-9 1.26281 0.71863
587e-9 1.2666 0.72857
588e-9 1.27063 0.73861
589e-9 1.27513 0.74884
590e-9 1.27998 0.75916
591e-9 1.28506 0.76955
592e-9 1.29073 0.78004
593e-9 1.29663 0.79055
594e-9 1.30288 0.80108
595e-9 1.30957 0.81159
596e-9 1.31649 0.82208
597e-9 1.32384 0.83252
598e-9 1.33153 0.84288
599e-9 1.33943 0.85319
600e-9 1.34783 0.86336
601e-9 1.35645 0.87343
602e-9 1.36535 0.88339
603e-9 1.37466 0.89313
604e-9 1.38414 0.90273
605e-9 1.39393 0.91203
606e-9 1.40398 0.92098
607e-9 1.41418 0.92971
608e-9 1.42467 0.93786
609e-9 1.43531 0.94565
610e-9 1.44608 0.95307
611e-9 1.45708 0.95973
612e-9 1.46817 0.96603
613e-9 1.47941 0.97172
614e-9 1.49077 0.97668
615e-9 1.5022 0.98122
616e-9 1.51377 0.98485
617e-9 1.52541 0.98788
618e-9 1.53712 0.99041
619e-9 1.54886 0.99202
620e-9 1.56059 0.9933
621e-9 1.57229 0.9941
622e-9 1.58387 0.99446
623e-9 1.59537 0.99462
624e-9 1.60668 0.99446
625e-9 1.61779 0.99417
626e-9 1.62876 0.99379
627e-9 1.63931 0.99334
628e-9 1.64965 0.99292
629e-9 1.65969 0.99255
630e-9 1.66924 0.99234
631e-9 1.67852 0.99225
632e-9 1.68729 0.9924
633e-9 1.69559 0.99284
634e-9 1.7036 0.99346
635e-9 1.71098 0.99444
636e-9 1.71813 0.99557
637e-9 1.72499 0.99688
638e-9 1.73151 0.99841
639e-9 1.73791 1.00003
640e-9 1.74412 1.00177
641e-9 1.75021 1.0036
642e-9 1.75624 1.00547
643e-9 1.76223 1.00739
644e-9 1.76826 1.00931
645e-9 1.77431 1.01124
646e-9 1.78052 1.01312
647e-9 1.78682 1.01496
648e-9 1.79328 1.01674
649e-9 1.8 1.01841
650e-9 1.80688 1.02002
651e-9 1.81409 1.0215
652e-9 1.82156 1.02292
653e-9 1.82922 1.02429
654e-9 1.83733 1.02559
655e-9 1.84565 1.02689
656e-9 1.85426 1.02816
657e-9 1.86328 1.02946
658e-9 1.87252 1.03077
659e-9 1.88216 1.03213
660e-9 1.89215 1.03355
661e-9 1.90237 1.03502
662e-9 1.91311 1.03661
663e-9 1.92412 1.03828
664e-9 1.93544 1.04004
665e-9 1.94726 1.04197
666e-9 1.95932 1.044
667e-9 1.9718 1.0462
668e-9 1.98467 1.04851
669e-9 1.99777 1.05088
670e-9 2.01131 1.05323
671e-9 2.02507 1.05547
672e-9 2.03905 1.05762
673e-9 2.05337 1.0594
674e-9 2.06783 1.06096
675e-9 2.0825 1.06215
676e-9 2.09738 1.0628
677e-9 2.11237 1.06312
678e-9 2.12756 1.06274
679e-9 2.14287 1.06177
680e-9 2.15825 1.06038
681e-9 2.17382 1.05786
682e-9 2.18946 1.05483
683e-9 2.20518 1.05105
684e-9 2.22103 1.04615
685e-9 2.23694 1.04067
686e-9 2.25295 1.03407
687e-9 2.269 1.02656
688e-9 2.28506 1.01847
689e-9 2.30103 1.0092
690e-9 2.31691 0.99939
691e-9 2.33267 0.98899
692e-9 2.34812 0.97771
693e-9 2.36339 0.96604
694e-9 2.37833 0.95374
695e-9 2.39284 0.94087
696e-9 2.40709 0.92768
697e-9 2.42073 0.91388
698e-9 2.43392 0.89973
699e-9 2.44674 0.88529
700e-9 2.45865 0.87031
701e-9 2.47013 0.85511
702e-9 2.48095 0.83959
703e-9 2.49087 0.8237
704e-9 2.50028 0.80762
705e-9 2.50868 0.7912
706e-9 2.51627 0.77455
707e-9 2.52332 0.75775
708e-9 2.52919 0.74067
709e-9 2.53456 0.72349
710e-9 2.5393 0.7062
711e-9 2.54313 0.68884
712e-9 2.54655 0.67145
713e-9 2.54925 0.65405
714e-9 2.55133 0.6367
715e-9 2.55304 0.6194
716e-9 2.55398 0.60225
717e-9 2.5545 0.58524
718e-9 2.55463 0.56836
719e-9 2.55406 0.55181
720e-9 2.5532 0.53544
721e-9 2.55187 0.51938
722e-9 2.55002 0.50373
723e-9 2.5479 0.48833
724e-9 2.54526 0.47345
725e-9 2.54225 0.45901
726e-9 2.53898 0.44489
727e-9 2.53515 0.43155
728e-9 2.53108 0.41854
729e-9 2.5267 0.40595
730e-9 2.52192 0.39395
731e-9 2.51696 0.38224
732e-9 2.51166 0.37101
733e-9 2.50612 0.36019
734e-9 2.50043 0.34962
735e-9 2.49443 0.33955
736e-9 2.4883 0.32975
737e-9 2.48204 0.32021
738e-9 2.47558 0.31111
739e-9 2.46904 0.30219
740e-9 2.46241 0.29357
741e-9 2.45569 0.28525
742e-9 2.44894 0.27709
743e-9 2.44214 0.26925
744e-9 2.43536 0.26159
745e-9 2.42857 0.25408
746e-9 2.42186 0.24687
747e-9 2.4152 0.23977
748e-9 2.40861 0.23283
749e-9 2.40215 0.22611
750e-9 2.39575 0.21949
751e-9 2.38946 0.21306
752e-9 2.38325 0.20681
753e-9 2.3771 0.20066
754e-9 2.37104 0.19475
755e-9 2.36504 0.18898
756e-9 2.35907 0.18334
757e-9 2.35318 0.17795
758e-9 2.34731 0.17266
759e-9 2.34148 0.16756
760e-9 2.33569 0.16267
761e-9 2.32992 0.1579
762e-9 2.32416 0.15335
763e-9 2.31842 0.14896
764e-9 2.31268 0.14469
765e-9 2.30694 0.14069
766e-9 2.30118 0.13682
767e-9 2.29542 0.1331
768e-9 2.28964 0.12962
769e-9 2.28383 0.12626
770e-9 2.27799 0.12311
771e-9 2.27211 0.12016
772e-9 2.2662 0.11732
773e-9 2.26024 0.11473
774e-9 2.25427 0.11228
775e-9 2.24829 0.10995
776e-9 2.24232 0.10786
777e-9 2.23635 0.10586
778e-9 2.23041 0.10401
779e-9 2.22451 0.10233
780e-9 2.21865 0.10073
781e-9 2.21285 0.0993
782e-9 2.20713 0.09798
783e-9 2.20145 0.09675
784e-9 2.19593 0.09568
785e-9 2.19047 0.09468
786e-9 2.18511 0.09378
787e-9 2.17992 0.09299
788e-9 2.17483 0.09226
789e-9 2.1699 0.09163
790e-9 2.16515 0.09109
791e-9 2.16051 0.09059
792e-9 2.15611 0.09019
793e-9 2.15188 0.08983
794e-9 2.1478 0.08951
795e-9 2.14403 0.08927
796e-9 2.14041 0.08906
797e-9 2.13702 0.08888
798e-9 2.13389 0.08876
799e-9 2.1309 0.08865
800e-9 2.12815 0.08858
