lambda n k
300e-9 1.63425 0.19317
301e-9 1.64087 0.20022
302e-9 1.64719 0.2065
303e-9 1.65332 0.21223
304e-9 1.65912 0.21709
305e-9 1.66435 0.22042
306e-9 1.66924 0.22285
307e-9 1.67339 0.22332
308e-9 1.67694 0.22229
309e-9 1.68007 0.22026
310e-9 1.68225 0.21661
311e-9 1.68405 0.21264
312e-9 1.68533 0.20824
313e-9 1.68591 0.20389
314e-9 1.68615 0.19975
315e-9 1.68575 0.19627
316e-9 1.6849 0.1936
317e-9 1.68376 0.19143
318e-9 1.68219 0.19031
319e-9 1.68056 0.18955
320e-9 1.67883 0.18925
321e-9 1.6772 0.18945
322e-9 1.67569 0.18982
323e-9 1.67445 0.19045
324e-9 1.67358 0.19118
325e-9 1.67295 0.19197
326e-9 1.6728 0.19284
327e-9 1.67286 0.19373
328e-9 1.67313 0.19465
329e-9 1.6737 0.19559
330e-9 1.67437 0.19653
331e-9 1.67521 0.19746
332e-9 1.67615 0.19837
333e-9 1.67715 0.19926
334e-9 1.67824 0.20008
335e-9 1.67938 0.20082
336e-9 1.68058 0.20149
337e-9 1.68187 0.20196
338e-9 1.68322 0.20233
339e-9 1.68464 0.20251
340e-9 1.68615 0.20246
341e-9 1.68771 0.20226
342e-9 1.68938 0.20173
343e-9 1.69108 0.20103
344e-9 1.6928 0.20018
345e-9 1.69442 0.19919
346e-9 1.69594 0.19818
347e-9 1.6973 0.19717
348e-9 1.69835 0.19627
349e-9 1.69923 0.19545
350e-9 1.69966 0.19486
351e-9 1.69973 0.1945
352e-9 1.69951 0.19432
353e-9 1.69859 0.19457
354e-9 1.69739 0.19494
355e-9 1.69575 0.19551
356e-9 1.6936 0.19621
357e-9 1.69117 0.19696
358e-9 1.68823 0.19773
359e-9 1.68491 0.19845
360e-9 1.68134 0.19914
361e-9 1.67717 0.19962
362e-9 1.67277 0.19996
363e-9 1.66802 0.20013
364e-9 1.66294 0.20004
365e-9 1.65773 0.19983
366e-9 1.65239 0.19944
367e-9 1.64707 0.19894
368e-9 1.64178 0.19837
369e-9 1.63673 0.19768
370e-9 1.63191 0.19696
371e-9 1.62734 0.19621
372e-9 1.62336 0.19545
373e-9 1.6197 0.1947
374e-9 1.61668 0.19399
375e-9 1.61421 0.19329
376e-9 1.61207 0.19261
377e-9 1.61056 0.19192
378e-9 1.6093 0.19122
379e-9 1.60833 0.19049
380e-9 1.60771 0.18971
381e-9 1.60721 0.18889
382e-9 1.60689 0.188
383e-9 1.60667 0.18702
384e-9 1.6065 0.18599
385e-9 1.60633 0.18481
386e-9 1.60613 0.18355
387e-9 1.6059 0.18221
388e-9 1.60561 0.1807
389e-9 1.6053 0.17912
390e-9 1.60496 0.17741
391e-9 1.60458 0.17557
392e-9 1.60419 0.17366
393e-9 1.60377 0.17158
394e-9 1.60334 0.16941
395e-9 1.6029 0.16714
396e-9 1.60244 0.16469
397e-9 1.60198 0.16216
398e-9 1.60152 0.1595
399e-9 1.60105 0.15669
400e-9 1.60058 0.15382
401e-9 1.6001 0.1508
402e-9 1.59961 0.1477
403e-9 1.59911 0.14453
404e-9 1.59859 0.14125
405e-9 1.59805 0.13792
406e-9 1.59749 0.13453
407e-9 1.59689 0.13108
408e-9 1.59628 0.12759
409e-9 1.59564 0.12405
410e-9 1.59496 0.12047
411e-9 1.59426 0.11688
412e-9 1.5935 0.11325
413e-9 1.59272 0.10963
414e-9 1.59191 0.10601
415e-9 1.59108 0.10245
416e-9 1.59023 0.09893
417e-9 1.58935 0.09549
418e-9 1.58847 0.09217
419e-9 1.58758 0.08891
420e-9 1.58668 0.08588
421e-9 1.58578 0.08296
422e-9 1.58488 0.0802
423e-9 1.58399 0.07771
424e-9 1.58311 0.07536
425e-9 1.58223 0.0733
426e-9 1.58138 0.0715
427e-9 1.58053 0.06988
428e-9 1.57971 0.06862
429e-9 1.57889 0.06751
430e-9 1.57809 0.06657
431e-9 1.57729 0.06588
432e-9 1.57649 0.06528
433e-9 1.5757 0.06485
434e-9 1.5749 0.06452
435e-9 1.57411 0.06427
436e-9 1.57331 0.06412
437e-9 1.5725 0.06401
438e-9 1.57169 0.06393
439e-9 1.57086 0.06388
440e-9 1.57003 0.06382
441e-9 1.56918 0.06374
442e-9 1.56831 0.06363
443e-9 1.56744 0.0635
444e-9 1.56654 0.06333
445e-9 1.56563 0.06316
446e-9 1.56471 0.06297
447e-9 1.56376 0.06278
448e-9 1.56281 0.0626
449e-9 1.56184 0.06242
450e-9 1.56085 0.06228
451e-9 1.55985 0.06214
452e-9 1.55883 0.06205
453e-9 1.55779 0.062
454e-9 1.55675 0.06197
455e-9 1.55568 0.06203
456e-9 1.55461 0.06212
457e-9 1.55351 0.06226
458e-9 1.5524 0.0625
459e-9 1.55128 0.06277
460e-9 1.55015 0.06313
461e-9 1.549 0.06354
462e-9 1.54784 0.06398
463e-9 1.54666 0.06448
464e-9 1.54547 0.06501
465e-9 1.54427 0.06556
466e-9 1.54306 0.06614
467e-9 1.54185 0.06673
468e-9 1.54062 0.06734
469e-9 1.53938 0.06794
470e-9 1.53813 0.06855
471e-9 1.53687 0.06914
472e-9 1.53561 0.06972
473e-9 1.53434 0.07029
474e-9 1.53306 0.07082
475e-9 1.53177 0.07133
476e-9 1.53047 0.0718
477e-9 1.52917 0.07224
478e-9 1.52786 0.07266
479e-9 1.52652 0.07306
480e-9 1.52518 0.07347
481e-9 1.52382 0.07387
482e-9 1.52242 0.0743
483e-9 1.52101 0.07476
484e-9 1.51957 0.07525
485e-9 1.5181 0.0758
486e-9 1.51661 0.07638
487e-9 1.51507 0.07706
488e-9 1.51349 0.0778
489e-9 1.51189 0.07861
490e-9 1.51023 0.07955
491e-9 1.50854 0.08056
492e-9 1.5068 0.08169
493e-9 1.50501 0.08295
494e-9 1.50318 0.0843
495e-9 1.50129 0.08583
496e-9 1.49936 0.08747
497e-9 1.49738 0.08922
498e-9 1.49535 0.09114
499e-9 1.49328 0.09314
500e-9 1.49118 0.09524
501e-9 1.48904 0.09743
502e-9 1.48687 0.09968
503e-9 1.48467 0.10201
504e-9 1.48245 0.10439
505e-9 1.48021 0.1068
506e-9 1.47794 0.10925
507e-9 1.47566 0.11172
508e-9 1.47336 0.1142
509e-9 1.47105 0.11669
510e-9 1.46874 0.11917
511e-9 1.46641 0.12163
512e-9 1.46408 0.12406
513e-9 1.46175 0.12647
514e-9 1.45941 0.12881
515e-9 1.45707 0.13112
516e-9 1.45472 0.13337
517e-9 1.45239 0.13554
518e-9 1.45004 0.13767
519e-9 1.4477 0.13975
520e-9 1.44534 0.14182
521e-9 1.44297 0.14387
522e-9 1.44058 0.14596
523e-9 1.43817 0.14807
524e-9 1.43573 0.15022
525e-9 1.43326 0.15247
526e-9 1.43077 0.15477
527e-9 1.42823 0.15719
528e-9 1.42565 0.15974
529e-9 1.42305 0.16237
530e-9 1.42038 0.16522
531e-9 1.41768 0.1682
532e-9 1.41493 0.17132
533e-9 1.41212 0.17472
534e-9 1.40927 0.17825
535e-9 1.40637 0.18203
536e-9 1.4034 0.18608
537e-9 1.4004 0.19029
538e-9 1.39733 0.19487
539e-9 1.39421 0.19969
540e-9 1.39105 0.20472
541e-9 1.38783 0.21015
542e-9 1.38459 0.21575
543e-9 1.38132 0.22159
544e-9 1.37805 0.22767
545e-9 1.37478 0.23386
546e-9 1.37153 0.24028
547e-9 1.3683 0.2468
548e-9 1.36508 0.25342
549e-9 1.36193 0.26017
550e-9 1.35881 0.26695
551e-9 1.35575 0.27379
552e-9 1.35276 0.28066
553e-9 1.34982 0.28752
554e-9 1.34697 0.29437
555e-9 1.34419 0.30117
556e-9 1.34147 0.30794
557e-9 1.33888 0.31459
558e-9 1.33635 0.32116
559e-9 1.33391 0.32763
560e-9 1.33158 0.33392
561e-9 1.32932 0.34011
562e-9 1.32717 0.34608
563e-9 1.32513 0.35186
564e-9 1.32314 0.35752
565e-9 1.3213 0.36284
566e-9 1.31952 0.36802
567e-9 1.31782 0.37304
568e-9 1.31621 0.37789
569e-9 1.31465 0.38268
570e-9 1.31317 0.38739
571e-9 1.31174 0.39209
572e-9 1.31035 0.39678
573e-9 1.30903 0.40154
574e-9 1.30775 0.40637
575e-9 1.30649 0.41127
576e-9 1.3053 0.41638
577e-9 1.30412 0.42162
578e-9 1.30299 0.42706
579e-9 1.3019 0.43278
580e-9 1.30083 0.43866
581e-9 1.29981 0.44493
582e-9 1.29882 0.45149
583e-9 1.29787 0.45828
584e-9 1.29698 0.46562
585e-9 1.29613 0.47322
586e-9 1.29533 0.48124
587e-9 1.29461 0.48978
588e-9 1.29394 0.49862
589e-9 1.29337 0.50808
590e-9 1.29289 0.518
591e-9 1.29247 0.52825
592e-9 1.29224 0.53932
593e-9 1.2921 0.55071
594e-9 1.2921 0.56258
595e-9 1.29236 0.57495
596e-9 1.29277 0.58754
597e-9 1.29348 0.6005
598e-9 1.29446 0.61366
599e-9 1.29563 0.62693
600e-9 1.29727 0.64036
601e-9 1.29914 0.6538
602e-9 1.30129 0.66725
603e-9 1.30389 0.6806
604e-9 1.30672 0.69387
605e-9 1.30994 0.70696
606e-9 1.31352 0.7198
607e-9 1.31733 0.7325
608e-9 1.32162 0.74475
609e-9 1.32617 0.75673
610e-9 1.33098 0.76842
611e-9 1.33624 0.77951
612e-9 1.34171 0.79031
613e-9 1.3475 0.80058
614e-9 1.35364 0.81027
615e-9 1.35997 0.8196
616e-9 1.36668 0.82817
617e-9 1.37364 0.83621
618e-9 1.38079 0.84381
619e-9 1.38834 0.85044
620e-9 1.39607 0.85664
621e-9 1.40406 0.86216
622e-9 1.41236 0.86682
623e-9 1.42083 0.87102
624e-9 1.42962 0.87433
625e-9 1.43861 0.87709
626e-9 1.44775 0.87947
627e-9 1.4572 0.88108
628e-9 1.46676 0.88244
629e-9 1.47648 0.88344
630e-9 1.48639 0.88405
631e-9 1.4964 0.8845
632e-9 1.50656 0.88469
633e-9 1.51683 0.88475
634e-9 1.52717 0.88474
635e-9 1.53763 0.88465
636e-9 1.54814 0.88458
637e-9 1.5587 0.88452
638e-9 1.56932 0.88459
639e-9 1.57996 0.88475
640e-9 1.59062 0.88508
641e-9 1.60128 0.88565
642e-9 1.61193 0.88637
643e-9 1.62255 0.88746
644e-9 1.63314 0.88882
645e-9 1.64369 0.89042
646e-9 1.65416 0.89257
647e-9 1.66457 0.89498
648e-9 1.67491 0.89783
649e-9 1.68513 0.90121
650e-9 1.69529 0.90491
651e-9 1.7053 0.90925
652e-9 1.71521 0.91408
653e-9 1.72503 0.91926
654e-9 1.73465 0.92532
655e-9 1.74419 0.93176
656e-9 1.75359 0.93877
657e-9 1.76282 0.94653
658e-9 1.77198 0.95463
659e-9 1.78103 0.96332
660e-9 1.79003 0.97236
661e-9 1.79901 0.98162
662e-9 1.80797 0.99123
663e-9 1.81696 1.00093
664e-9 1.82597 1.01074
665e-9 1.83507 1.02056
666e-9 1.84422 1.03036
667e-9 1.85347 1.04006
668e-9 1.86285 1.04956
669e-9 1.87231 1.05894
670e-9 1.88196 1.06795
671e-9 1.89174 1.07668
672e-9 1.90164 1.08515
673e-9 1.9118 1.093
674e-9 1.92208 1.10054
675e-9 1.93256 1.10758
676e-9 1.94329 1.11394
677e-9 1.95415 1.11993
678e-9 1.96531 1.1251
679e-9 1.97669 1.12965
680e-9 1.98822 1.13376
681e-9 2.00016 1.13671
682e-9 2.01228 1.13916
683e-9 2.02465 1.14087
684e-9 2.03741 1.14151
685e-9 2.05037 1.14159
686e-9 2.0637 1.14061
687e-9 2.07739 1.1387
688e-9 2.0913 1.13618
689e-9 2.10575 1.13226
690e-9 2.12051 1.1276
691e-9 2.13559 1.12212
692e-9 2.15127 1.11521
693e-9 2.16725 1.10763
694e-9 2.18374 1.09889
695e-9 2.20075 1.08902
696e-9 2.21805 1.07851
697e-9 2.2359 1.06678
698e-9 2.25405 1.05437
699e-9 2.27245 1.0414
700e-9 2.29128 1.02739
701e-9 2.31026 1.013
702e-9 2.32947 0.99804
703e-9 2.34888 0.98247
704e-9 2.36838 0.96662
705e-9 2.38802 0.95025
706e-9 2.40771 0.93358
707e-9 2.42742 0.9167
708e-9 2.44711 0.89945
709e-9 2.46674 0.88207
710e-9 2.48631 0.86454
711e-9 2.5057 0.84686
712e-9 2.52497 0.82914
713e-9 2.54402 0.81135
714e-9 2.56278 0.79356
715e-9 2.58137 0.77577
716e-9 2.59952 0.75806
717e-9 2.61736 0.74041
718e-9 2.63491 0.72283
719e-9 2.65184 0.70544
720e-9 2.66845 0.68815
721e-9 2.68456 0.67102
722e-9 2.70003 0.65413
723e-9 2.71513 0.63737
724e-9 2.72946 0.62089
725e-9 2.7432 0.60463
726e-9 2.75651 0.58854
727e-9 2.76873 0.57285
728e-9 2.78046 0.55736
729e-9 2.79152 0.54212
730e-9 2.80154 0.52727
731e-9 2.81101 0.51263
732e-9 2.8195 0.49836
733e-9 2.82706 0.48443
734e-9 2.83403 0.47072
735e-9 2.83966 0.4575
736e-9 2.84452 0.44456
737e-9 2.84861 0.4319
738e-9 2.85135 0.41971
739e-9 2.8535 0.40773
740e-9 2.85473 0.39608
741e-9 2.85497 0.38476
742e-9 2.85468 0.37362
743e-9 2.85337 0.36284
744e-9 2.85139 0.35228
745e-9 2.84893 0.34189
746e-9 2.8454 0.33186
747e-9 2.84146 0.32198
748e-9 2.83693 0.3123
749e-9 2.83162 0.30289
750e-9 2.82595 0.29362
751e-9 2.81963 0.28457
752e-9 2.81278 0.27572
753e-9 2.80561 0.267
754e-9 2.79776 0.25853
755e-9 2.78959 0.25019
756e-9 2.78109 0.24199
757e-9 2.77203 0.23403
758e-9 2.76275 0.22617
759e-9 2.75311 0.21847
760e-9 2.74311 0.21096
761e-9 2.73292 0.20354
762e-9 2.72239 0.19633
763e-9 2.71165 0.18924
764e-9 2.70076 0.18225
765e-9 2.68958 0.17549
766e-9 2.67831 0.16881
767e-9 2.6669 0.16227
768e-9 2.65534 0.15591
769e-9 2.64373 0.14964
770e-9 2.63204 0.14353
771e-9 2.62031 0.13757
772e-9 2.60856 0.13169
773e-9 2.59683 0.12602
774e-9 2.58513 0.12045
775e-9 2.57346 0.11499
776e-9 2.56192 0.10973
777e-9 2.55045 0.10457
778e-9 2.5391 0.09954
779e-9 2.52796 0.09469
780e-9 2.51692 0.08994
781e-9 2.50615 0.08536
782e-9 2.4956 0.08093
783e-9 2.48521 0.07659
784e-9 2.47524 0.07248
785e-9 2.46546 0.06847
786e-9 2.45593 0.06459
787e-9 2.44677 0.0609
788e-9 2.43778 0.05731
789e-9 2.42909 0.05388
790e-9 2.42067 0.0506
791e-9 2.41242 0.0474
792e-9 2.40451 0.0444
793e-9 2.39679 0.0415
794e-9 2.38925 0.0387
795e-9 2.38205 0.03608
796e-9 2.37499 0.03355
797e-9 2.36815 0.03114
798e-9 2.36156 0.02887
799e-9 2.35511 0.02668
800e-9 2.34891 0.02463
