lambda n k
300e-9 0.81154 1.45788
301e-9 0.81804 1.45535
302e-9 0.82455 1.45283
303e-9 0.83105 1.45031
304e-9 0.83756 1.44778
305e-9 0.84406 1.44526
306e-9 0.85056 1.44273
307e-9 0.85707 1.44021
308e-9 0.86357 1.43768
309e-9 0.87007 1.43516
310e-9 0.87658 1.43568
311e-9 0.88308 1.43743
312e-9 0.88958 1.43919
313e-9 0.89819 1.44094
314e-9 0.90686 1.4427
315e-9 0.91554 1.44445
316e-9 0.92421 1.44621
317e-9 0.93288 1.44796
318e-9 0.94156 1.44972
319e-9 0.95023 1.45148
320e-9 0.9589 1.45323
321e-9 0.96758 1.45499
322e-9 0.97625 1.46204
323e-9 0.98514 1.47039
324e-9 0.99409 1.47874
325e-9 1.00304 1.48708
326e-9 1.01199 1.49543
327e-9 1.02094 1.50378
328e-9 1.02989 1.51213
329e-9 1.03884 1.52048
330e-9 1.04779 1.52883
331e-9 1.05673 1.53812
332e-9 1.06568 1.54849
333e-9 1.07463 1.55885
334e-9 1.08038 1.56922
335e-9 1.08508 1.57958
336e-9 1.08979 1.58995
337e-9 1.0945 1.60031
338e-9 1.09921 1.61068
339e-9 1.10392 1.62104
340e-9 1.10863 1.63141
341e-9 1.11334 1.64177
342e-9 1.11805 1.65256
343e-9 1.12276 1.66387
344e-9 1.12747 1.67518
345e-9 1.12942 1.68649
346e-9 1.13024 1.6978
347e-9 1.13107 1.70911
348e-9 1.1319 1.72042
349e-9 1.13272 1.73173
350e-9 1.13355 1.74304
351e-9 1.13437 1.75435
352e-9 1.1352 1.76566
353e-9 1.13602 1.77681
354e-9 1.13685 1.78775
355e-9 1.13768 1.79868
356e-9 1.1385 1.80962
357e-9 1.13933 1.82056
358e-9 1.1365 1.8315
359e-9 1.13347 1.84244
360e-9 1.13043 1.85338
361e-9 1.1274 1.86432
362e-9 1.12437 1.87526
363e-9 1.12134 1.88619
364e-9 1.11831 1.89713
365e-9 1.11528 1.90698
366e-9 1.11225 1.91597
367e-9 1.10921 1.92495
368e-9 1.10618 1.93393
369e-9 1.10309 1.94291
370e-9 1.09702 1.95189
371e-9 1.09095 1.96087
372e-9 1.08488 1.96985
373e-9 1.07881 1.97883
374e-9 1.07274 1.98781
375e-9 1.06667 1.99679
376e-9 1.0606 2.00577
377e-9 1.05454 2.01475
378e-9 1.04847 2.02009
379e-9 1.04308 2.02468
380e-9 1.03808 2.02928
381e-9 1.03309 2.03387
382e-9 1.02809 2.03846
383e-9 1.02309 2.04305
384e-9 1.01809 2.04764
385e-9 1.0131 2.05223
386e-9 1.0081 2.05683
387e-9 1.0031 2.06142
388e-9 0.9981 2.06601
389e-9 0.9931 2.0706
390e-9 0.98811 2.07519
391e-9 0.98311 2.07978
392e-9 0.97811 2.08438
393e-9 0.97307 2.08897
394e-9 0.96776 2.09356
395e-9 0.96245 2.09544
396e-9 0.95714 2.09679
397e-9 0.95183 2.09814
398e-9 0.94652 2.09948
399e-9 0.94121 2.10083
400e-9 0.9359 2.10218
401e-9 0.93058 2.10352
402e-9 0.92527 2.10487
403e-9 0.91996 2.10622
404e-9 0.91465 2.10756
405e-9 0.90934 2.10891
406e-9 0.90403 2.11026
407e-9 0.89995 2.11161
408e-9 0.89708 2.11295
409e-9 0.89421 2.1143
410e-9 0.89134 2.11565
411e-9 0.88847 2.11699
412e-9 0.88559 2.11834
413e-9 0.88272 2.11969
414e-9 0.87985 2.12103
415e-9 0.87698 2.12238
416e-9 0.87411 2.12373
417e-9 0.87124 2.12507
418e-9 0.86837 2.12642
419e-9 0.8655 2.12777
420e-9 0.86262 2.12911
421e-9 0.85975 2.13046
422e-9 0.85688 2.13181
423e-9 0.8545 2.13316
424e-9 0.85319 2.1345
425e-9 0.85188 2.13585
426e-9 0.85057 2.1372
427e-9 0.84926 2.13854
428e-9 0.84795 2.13989
429e-9 0.84664 2.14124
430e-9 0.84532 2.14258
431e-9 0.84401 2.14393
432e-9 0.8427 2.14528
433e-9 0.84139 2.14662
434e-9 0.84008 2.14797
435e-9 0.83877 2.14932
436e-9 0.83746 2.15066
437e-9 0.83614 2.15201
438e-9 0.83483 2.15336
439e-9 0.83352 2.15471
440e-9 0.83221 2.15605
441e-9 0.8309 2.1574
442e-9 0.82959 2.15875
443e-9 0.82897 2.16009
444e-9 0.8286 2.16144
445e-9 0.82823 2.16279
446e-9 0.82786 2.16413
447e-9 0.8275 2.16548
448e-9 0.82713 2.16683
449e-9 0.82676 2.16876
450e-9 0.82639 2.17161
451e-9 0.82602 2.17445
452e-9 0.82566 2.1773
453e-9 0.82529 2.18014
454e-9 0.82492 2.18299
455e-9 0.82455 2.18584
456e-9 0.82418 2.18868
457e-9 0.82382 2.19153
458e-9 0.82345 2.19437
459e-9 0.82308 2.19722
460e-9 0.82271 2.20006
461e-9 0.82235 2.20291
462e-9 0.82198 2.20576
463e-9 0.82161 2.2086
464e-9 0.82124 2.21145
465e-9 0.82087 2.21429
466e-9 0.82051 2.21714
467e-9 0.82014 2.21998
468e-9 0.81977 2.22283
469e-9 0.8194 2.22568
470e-9 0.81881 2.22852
471e-9 0.81799 2.23137
472e-9 0.81717 2.23421
473e-9 0.81636 2.23733
474e-9 0.81554 2.24065
475e-9 0.81472 2.24397
476e-9 0.8139 2.24729
477e-9 0.81308 2.25061
478e-9 0.81227 2.25393
479e-9 0.81145 2.25724
480e-9 0.81063 2.26056
481e-9 0.80981 2.26388
482e-9 0.809 2.2672
483e-9 0.80818 2.27052
484e-9 0.80736 2.27384
485e-9 0.80654 2.27715
486e-9 0.80572 2.28047
487e-9 0.80491 2.28379
488e-9 0.80409 2.28711
489e-9 0.80221 2.29043
490e-9 0.80001 2.29375
491e-9 0.7978 2.29706
492e-9 0.7956 2.30038
493e-9 0.7934 2.30392
494e-9 0.7912 2.30843
495e-9 0.789 2.31294
496e-9 0.7868 2.31745
497e-9 0.78459 2.32197
498e-9 0.78239 2.32648
499e-9 0.78019 2.33099
500e-9 0.77799 2.3355
501e-9 0.77579 2.34001
502e-9 0.77359 2.34452
503e-9 0.77138 2.34903
504e-9 0.76918 2.35354
505e-9 0.76698 2.35805
506e-9 0.76478 2.36257
507e-9 0.76253 2.36708
508e-9 0.7589 2.37159
509e-9 0.75526 2.37603
510e-9 0.75162 2.37868
511e-9 0.74798 2.38134
512e-9 0.74434 2.384
513e-9 0.7407 2.38665
514e-9 0.73706 2.38931
515e-9 0.73342 2.39197
516e-9 0.72978 2.39462
517e-9 0.72614 2.39728
518e-9 0.7225 2.39994
519e-9 0.71886 2.40259
520e-9 0.71522 2.40525
521e-9 0.71158 2.40791
522e-9 0.70794 2.41056
523e-9 0.7043 2.41322
524e-9 0.70066 2.41588
525e-9 0.69737 2.41853
526e-9 0.69409 2.42119
527e-9 0.69081 2.42385
528e-9 0.68752 2.4265
529e-9 0.68424 2.42916
530e-9 0.68095 2.43182
531e-9 0.67767 2.43447
532e-9 0.67438 2.43713
533e-9 0.6711 2.43979
534e-9 0.66781 2.44244
535e-9 0.66453 2.44413
536e-9 0.66124 2.44497
537e-9 0.65796 2.44581
538e-9 0.65467 2.44664
539e-9 0.65139 2.44748
540e-9 0.6481 2.44832
541e-9 0.64482 2.44915
542e-9 0.64153 2.44999
543e-9 0.63825 2.45083
544e-9 0.63496 2.45166
545e-9 0.63175 2.4525
546e-9 0.6286 2.45334
547e-9 0.62544 2.45417
548e-9 0.62229 2.45501
549e-9 0.61914 2.45585
550e-9 0.61599 2.45668
551e-9 0.61283 2.45752
552e-9 0.60968 2.45836
553e-9 0.60653 2.4592
554e-9 0.60337 2.46003
555e-9 0.60022 2.46087
556e-9 0.59707 2.46171
557e-9 0.59391 2.46254
558e-9 0.59076 2.46338
559e-9 0.58761 2.46422
560e-9 0.58446 2.46505
561e-9 0.5813 2.46589
562e-9 0.57815 2.46673
563e-9 0.575 2.46756
564e-9 0.57184 2.4684
565e-9 0.56869 2.46924
566e-9 0.56559 2.47003
567e-9 0.56267 2.47005
568e-9 0.55976 2.47006
569e-9 0.55684 2.47007
570e-9 0.55392 2.47008
571e-9 0.551 2.4701
572e-9 0.54808 2.47011
573e-9 0.54516 2.47012
574e-9 0.54224 2.47014
575e-9 0.53932 2.47015
576e-9 0.53641 2.47016
577e-9 0.53349 2.47018
578e-9 0.53057 2.47019
579e-9 0.52765 2.4702
580e-9 0.52473 2.47021
581e-9 0.52181 2.47023
582e-9 0.51889 2.47024
583e-9 0.51597 2.47025
584e-9 0.51306 2.47027
585e-9 0.51014 2.47028
586e-9 0.50722 2.47029
587e-9 0.5043 2.47031
588e-9 0.50138 2.47032
589e-9 0.49864 2.47033
590e-9 0.49648 2.47034
591e-9 0.49432 2.47036
592e-9 0.49215 2.47037
593e-9 0.48999 2.47038
594e-9 0.48783 2.4704
595e-9 0.48567 2.47041
596e-9 0.48351 2.47035
597e-9 0.48134 2.47008
598e-9 0.47918 2.46981
599e-9 0.47702 2.46954
600e-9 0.47486 2.46927
601e-9 0.47269 2.46899
602e-9 0.47053 2.46872
603e-9 0.46837 2.46845
604e-9 0.46621 2.46818
605e-9 0.46405 2.46791
606e-9 0.46188 2.46764
607e-9 0.45972 2.46737
608e-9 0.45756 2.4671
609e-9 0.4554 2.46683
610e-9 0.45323 2.46656
611e-9 0.45107 2.46629
612e-9 0.44891 2.46602
613e-9 0.44688 2.46575
614e-9 0.44507 2.46548
615e-9 0.44325 2.46521
616e-9 0.44144 2.46494
617e-9 0.43962 2.46467
618e-9 0.43781 2.4644
619e-9 0.436 2.46413
620e-9 0.43418 2.46386
621e-9 0.43237 2.46358
622e-9 0.43055 2.46331
623e-9 0.42874 2.46304
624e-9 0.42692 2.46277
625e-9 0.42511 2.4625
626e-9 0.4233 2.46223
627e-9 0.42148 2.46196
628e-9 0.41967 2.46169
629e-9 0.41785 2.46142
630e-9 0.41604 2.46115
631e-9 0.41422 2.46088
632e-9 0.41241 2.46061
633e-9 0.41059 2.4601
634e-9 0.40878 2.45947
635e-9 0.40697 2.45884
636e-9 0.40515 2.45822
637e-9 0.40334 2.45759
638e-9 0.40152 2.45696
639e-9 0.40039 2.45633
640e-9 0.39939 2.4557
641e-9 0.39838 2.45507
642e-9 0.39738 2.45444
643e-9 0.39638 2.45382
644e-9 0.39538 2.45319
645e-9 0.39437 2.45256
646e-9 0.39337 2.45193
647e-9 0.39237 2.4513
648e-9 0.39137 2.45067
649e-9 0.39036 2.45004
650e-9 0.38936 2.44942
651e-9 0.38836 2.44879
652e-9 0.38736 2.44816
653e-9 0.38635 2.44753
654e-9 0.38535 2.4469
655e-9 0.38435 2.44627
656e-9 0.38335 2.44565
657e-9 0.38234 2.44502
658e-9 0.38134 2.44439
659e-9 0.38034 2.44376
660e-9 0.37934 2.44313
661e-9 0.37833 2.4425
662e-9 0.37733 2.44187
663e-9 0.37633 2.44125
664e-9 0.37537 2.44062
665e-9 0.37451 2.44019
666e-9 0.37365 2.44021
667e-9 0.3728 2.44022
668e-9 0.37194 2.44023
669e-9 0.37108 2.44024
670e-9 0.37022 2.44026
671e-9 0.36937 2.44027
672e-9 0.36851 2.44028
673e-9 0.36765 2.4403
674e-9 0.36679 2.44031
675e-9 0.36594 2.44032
676e-9 0.36508 2.44034
677e-9 0.36422 2.44035
678e-9 0.36336 2.44036
679e-9 0.36251 2.44037
680e-9 0.36165 2.44039
681e-9 0.36079 2.4404
682e-9 0.35993 2.44041
683e-9 0.35908 2.44043
684e-9 0.35822 2.44044
685e-9 0.35736 2.44045
686e-9 0.3565 2.44047
687e-9 0.35565 2.44048
688e-9 0.35496 2.44049
689e-9 0.35446 2.4405
690e-9 0.35397 2.44052
691e-9 0.35347 2.44053
692e-9 0.35298 2.44054
693e-9 0.35248 2.44056
694e-9 0.35199 2.44057
695e-9 0.35149 2.44058
696e-9 0.351 2.44059
697e-9 0.3505 2.4409
698e-9 0.35001 2.44128
699e-9 0.34951 2.44165
700e-9 0.34902 2.44202
701e-9 0.34852 2.44239
702e-9 0.34803 2.44276
703e-9 0.34753 2.44313
704e-9 0.34704 2.44351
705e-9 0.34654 2.44388
706e-9 0.34605 2.44425
707e-9 0.34555 2.44462
708e-9 0.34507 2.44499
709e-9 0.34482 2.44536
710e-9 0.34456 2.44573
711e-9 0.34431 2.44611
712e-9 0.34406 2.44648
713e-9 0.34381 2.44685
714e-9 0.34356 2.44722
715e-9 0.3433 2.44759
716e-9 0.34305 2.44796
717e-9 0.3428 2.44834
718e-9 0.34255 2.44871
719e-9 0.3423 2.44908
720e-9 0.34204 2.44945
721e-9 0.34179 2.44982
722e-9 0.34154 2.45019
723e-9 0.34129 2.45056
724e-9 0.34104 2.45094
725e-9 0.34078 2.45131
726e-9 0.34053 2.45318
727e-9 0.34028 2.45523
728e-9 0.33972 2.45727
729e-9 0.3388 2.45932
730e-9 0.33787 2.46136
731e-9 0.33695 2.46341
732e-9 0.33602 2.46546
733e-9 0.3351 2.4675
734e-9 0.33417 2.46955
735e-9 0.33325 2.47159
736e-9 0.33233 2.47364
737e-9 0.3314 2.47569
738e-9 0.33048 2.47773
739e-9 0.32955 2.47978
740e-9 0.32863 2.48182
741e-9 0.3277 2.48387
742e-9 0.32678 2.48592
743e-9 0.32585 2.48796
744e-9 0.32493 2.49001
745e-9 0.32401 2.49206
746e-9 0.32308 2.4941
747e-9 0.32216 2.49615
748e-9 0.32123 2.49819
749e-9 0.32031 2.50024
750e-9 0.31883 2.50229
751e-9 0.31618 2.50437
752e-9 0.31353 2.50652
753e-9 0.31087 2.50867
754e-9 0.30822 2.51081
755e-9 0.30557 2.51296
756e-9 0.30292 2.51511
757e-9 0.30027 2.51726
758e-9 0.29762 2.51941
759e-9 0.29497 2.52155
760e-9 0.29232 2.5237
761e-9 0.28966 2.52585
762e-9 0.28701 2.528
763e-9 0.28436 2.53015
764e-9 0.27995 2.53229
765e-9 0.27474 2.53444
766e-9 0.26954 2.53659
767e-9 0.26434 2.53874
768e-9 0.25914 2.53938
769e-9 0.25394 2.53749
770e-9 0.24873 2.5356
771e-9 0.24353 2.53371
772e-9 0.23833 2.53181
773e-9 0.23313 2.52992
774e-9 0.22793 2.52803
775e-9 0.22273 2.52614
776e-9 0.21802 2.52425
777e-9 0.21346 2.52236
778e-9 0.20891 2.52047
779e-9 0.20436 2.51858
780e-9 0.19981 2.51669
781e-9 0.19526 2.5148
782e-9 0.19071 2.51226
783e-9 0.18616 2.50951
784e-9 0.18161 2.50675
785e-9 0.17706 2.504
786e-9 0.17451 2.50124
787e-9 0.17376 2.49849
788e-9 0.17301 2.49573
789e-9 0.17226 2.49298
790e-9 0.17151 2.49023
791e-9 0.17076 2.48747
792e-9 0.17001 2.48472
793e-9 0.16926 2.48196
794e-9 0.16852 2.47921
795e-9 0.16777 2.47645
796e-9 0.16702 2.4737
797e-9 0.16627 2.47094
798e-9 0.16552 2.46819
799e-9 0.16477 2.46543
800e-9 0.16402 2.46268
801e-9 0.16328 2.46112
802e-9 0.16253 2.45955
803e-9 0.16178 2.45798
804e-9 0.16103 2.45642
805e-9 0.16028 2.45485
806e-9 0.15956 2.45329
807e-9 0.15912 2.45172
808e-9 0.15868 2.45015
809e-9 0.15825 2.44859
810e-9 0.15781 2.44702
811e-9 0.15737 2.44545
812e-9 0.15693 2.44389
813e-9 0.15649 2.44232
814e-9 0.15605 2.44075
815e-9 0.15561 2.43919
816e-9 0.15518 2.43762
817e-9 0.15474 2.43605
818e-9 0.1543 2.43449
819e-9 0.15386 2.43292
820e-9 0.15342 2.43136
821e-9 0.15298 2.42979
822e-9 0.15255 2.42822
823e-9 0.15211 2.42667
824e-9 0.15167 2.42587
825e-9 0.15123 2.42507
826e-9 0.15079 2.42427
827e-9 0.15035 2.42347
828e-9 0.14992 2.42267
829e-9 0.1495 2.42187
830e-9 0.14931 2.42107
831e-9 0.14911 2.42027
832e-9 0.14891 2.41947
833e-9 0.14872 2.41867
834e-9 0.14852 2.41787
835e-9 0.14832 2.41707
836e-9 0.14812 2.41627
837e-9 0.14793 2.41548
838e-9 0.14773 2.41468
839e-9 0.14753 2.41388
840e-9 0.14733 2.41308
841e-9 0.14714 2.41228
842e-9 0.14694 2.41148
843e-9 0.14674 2.41068
844e-9 0.14655 2.40988
845e-9 0.14635 2.40908
846e-9 0.14615 2.40828
847e-9 0.14595 2.40748
848e-9 0.14576 2.40668
849e-9 0.14556 2.40598
850e-9 0.14536 2.40538
851e-9 0.14517 2.40478
852e-9 0.14497 2.40419
853e-9 0.14477 2.40359
854e-9 0.14456 2.403
855e-9 0.14434 2.4024
856e-9 0.14412 2.4018
857e-9 0.1439 2.40121
858e-9 0.14368 2.40061
859e-9 0.14346 2.40001
860e-9 0.14324 2.39942
861e-9 0.14301 2.39882
862e-9 0.14279 2.39822
863e-9 0.14257 2.39763
864e-9 0.14235 2.39703
865e-9 0.14213 2.39644
866e-9 0.14191 2.39584
867e-9 0.14169 2.39524
868e-9 0.14146 2.39465
869e-9 0.14124 2.39405
870e-9 0.14102 2.39345
871e-9 0.1408 2.39286
872e-9 0.14058 2.39226
873e-9 0.14036 2.39166
874e-9 0.14013 2.39107
875e-9 0.13991 2.39077
876e-9 0.1397 2.39049
877e-9 0.13949 2.39022
878e-9 0.13929 2.38994
879e-9 0.13908 2.38966
880e-9 0.13888 2.38938
881e-9 0.13867 2.38911
882e-9 0.13847 2.38883
883e-9 0.13826 2.38855
884e-9 0.13806 2.38828
885e-9 0.13785 2.388
886e-9 0.13765 2.38772
887e-9 0.13745 2.38744
888e-9 0.13724 2.38717
889e-9 0.13704 2.38689
890e-9 0.13683 2.38661
891e-9 0.13663 2.38633
892e-9 0.13642 2.38603
893e-9 0.13622 2.38528
894e-9 0.13601 2.38453
895e-9 0.13581 2.38378
896e-9 0.1356 2.38303
897e-9 0.1354 2.38228
898e-9 0.13519 2.38153
899e-9 0.13499 2.38153
900e-9 0.13499 2.38153
