lambda n k
350e-9 1.8634 0.02344
351e-9 1.86132 0.02267
352e-9 1.85924 0.0219
353e-9 1.85716 0.02113
354e-9 1.85507 0.02035
355e-9 1.85299 0.01964
356e-9 1.85081 0.01913
357e-9 1.84828 0.01862
358e-9 1.84574 0.01811
359e-9 1.84321 0.0176
360e-9 1.84068 0.01709
361e-9 1.83814 0.01658
362e-9 1.83561 0.01607
363e-9 1.83307 0.01568
364e-9 1.83151 0.01531
365e-9 1.8302 0.01495
366e-9 1.82889 0.01458
367e-9 1.82758 0.01421
368e-9 1.82627 0.01385
369e-9 1.82496 0.01348
370e-9 1.82366 0.01311
371e-9 1.82235 0.01274
372e-9 1.82104 0.0125
373e-9 1.81973 0.01232
374e-9 1.81842 0.01214
375e-9 1.81711 0.01197
376e-9 1.8158 0.01179
377e-9 1.81423 0.01161
378e-9 1.81259 0.01143
379e-9 1.81094 0.01125
380e-9 1.80929 0.01107
381e-9 1.80764 0.01089
382e-9 1.80599 0.01071
383e-9 1.80434 0.01054
384e-9 1.80269 0.01036
385e-9 1.80104 0.01018
386e-9 1.79919 0.01
387e-9 1.79712 0.00982
388e-9 1.79505 0.00964
389e-9 1.79299 0.00947
390e-9 1.79092 0.0093
391e-9 1.78885 0.00913
392e-9 1.78678 0.00896
393e-9 1.78476 0.00879
394e-9 1.78358 0.00862
395e-9 1.78239 0.00844
396e-9 1.7812 0.00827
397e-9 1.78001 0.0081
398e-9 1.77882 0.00793
399e-9 1.77764 0.00776
400e-9 1.77645 0.00759
401e-9 1.77526 0.00742
402e-9 1.77407 0.00725
403e-9 1.77289 0.00714
404e-9 1.7717 0.0071
405e-9 1.77051 0.00706
406e-9 1.76935 0.00702
407e-9 1.76844 0.00699
408e-9 1.76753 0.00695
409e-9 1.76661 0.00691
410e-9 1.7657 0.00687
411e-9 1.76479 0.00684
412e-9 1.76387 0.0068
413e-9 1.76296 0.00676
414e-9 1.76204 0.00672
415e-9 1.76113 0.00669
416e-9 1.76022 0.00665
417e-9 1.7593 0.00661
418e-9 1.75839 0.00657
419e-9 1.75749 0.00654
420e-9 1.75677 0.0065
421e-9 1.75606 0.00646
422e-9 1.75534 0.00642
423e-9 1.75462 0.00639
424e-9 1.7539 0.00635
425e-9 1.75318 0.00635
426e-9 1.75247 0.00639
427e-9 1.75175 0.00643
428e-9 1.75103 0.00647
429e-9 1.75031 0.00651
430e-9 1.74959 0.00655
431e-9 1.74888 0.00659
432e-9 1.74816 0.00663
433e-9 1.74744 0.00668
434e-9 1.74672 0.00672
435e-9 1.746 0.00676
436e-9 1.74529 0.0068
437e-9 1.74458 0.00684
438e-9 1.74386 0.00688
439e-9 1.74315 0.00692
440e-9 1.74244 0.00696
441e-9 1.74172 0.007
442e-9 1.74101 0.00704
443e-9 1.7403 0.00708
444e-9 1.73959 0.00712
445e-9 1.73887 0.00716
446e-9 1.73816 0.0072
447e-9 1.73745 0.00724
448e-9 1.73673 0.00728
449e-9 1.73602 0.00732
450e-9 1.73531 0.00736
451e-9 1.73459 0.00739
452e-9 1.73388 0.00743
453e-9 1.73317 0.00747
454e-9 1.73246 0.00751
455e-9 1.73174 0.00755
456e-9 1.73103 0.00759
457e-9 1.73032 0.00762
458e-9 1.7296 0.00766
459e-9 1.72889 0.0077
460e-9 1.72818 0.00774
461e-9 1.72747 0.00778
462e-9 1.72675 0.00782
463e-9 1.72604 0.00785
464e-9 1.72533 0.00789
465e-9 1.72461 0.00793
466e-9 1.7239 0.00797
467e-9 1.72319 0.00802
468e-9 1.72248 0.0081
469e-9 1.72176 0.00817
470e-9 1.72125 0.00825
471e-9 1.72075 0.00833
472e-9 1.72024 0.0084
473e-9 1.71973 0.00848
474e-9 1.71923 0.00856
475e-9 1.71872 0.00863
476e-9 1.71822 0.00871
477e-9 1.71771 0.00879
478e-9 1.71721 0.00886
479e-9 1.7167 0.00894
480e-9 1.71619 0.00901
481e-9 1.71569 0.00909
482e-9 1.71518 0.00917
483e-9 1.71468 0.00924
484e-9 1.71417 0.00933
485e-9 1.71367 0.00941
486e-9 1.71316 0.0095
487e-9 1.71265 0.00958
488e-9 1.71215 0.00967
489e-9 1.71164 0.00975
490e-9 1.71109 0.00984
491e-9 1.71051 0.00992
492e-9 1.70992 0.01001
493e-9 1.70934 0.01009
494e-9 1.70875 0.01018
495e-9 1.70817 0.01026
496e-9 1.70758 0.01035
497e-9 1.707 0.01043
498e-9 1.70641 0.01052
499e-9 1.70583 0.01075
500e-9 1.70525 0.01098
501e-9 1.70466 0.01121
502e-9 1.70408 0.01144
503e-9 1.70349 0.01167
504e-9 1.70291 0.01189
505e-9 1.70232 0.01212
506e-9 1.70174 0.01235
507e-9 1.70115 0.01258
508e-9 1.70057 0.01281
509e-9 1.69999 0.01304
510e-9 1.69942 0.01327
511e-9 1.69891 0.01349
512e-9 1.6984 0.01372
513e-9 1.69789 0.01395
514e-9 1.69738 0.01418
515e-9 1.69686 0.01439
516e-9 1.69635 0.01459
517e-9 1.69584 0.01478
518e-9 1.69533 0.01498
519e-9 1.69482 0.01517
520e-9 1.69431 0.01537
521e-9 1.6938 0.01557
522e-9 1.69329 0.01576
523e-9 1.69278 0.01596
524e-9 1.69227 0.01615
525e-9 1.69176 0.01635
526e-9 1.69125 0.01654
527e-9 1.69073 0.01674
528e-9 1.6902 0.01696
529e-9 1.68967 0.01719
530e-9 1.68915 0.01742
531e-9 1.68862 0.01765
532e-9 1.68809 0.01788
533e-9 1.68757 0.01811
534e-9 1.68704 0.01834
535e-9 1.68651 0.01857
536e-9 1.68599 0.0188
537e-9 1.68546 0.01903
538e-9 1.68493 0.01927
539e-9 1.68441 0.01955
540e-9 1.68388 0.01985
541e-9 1.68335 0.02015
542e-9 1.68283 0.02045
543e-9 1.6823 0.02076
544e-9 1.68177 0.02106
545e-9 1.68125 0.02136
546e-9 1.68072 0.02167
547e-9 1.68019 0.02197
548e-9 1.67967 0.02227
549e-9 1.67914 0.02258
550e-9 1.67861 0.0228
551e-9 1.67809 0.02297
552e-9 1.67756 0.02314
553e-9 1.67718 0.02331
554e-9 1.67693 0.02349
555e-9 1.67667 0.02366
556e-9 1.67642 0.02383
557e-9 1.67616 0.024
558e-9 1.67591 0.02418
559e-9 1.67565 0.02435
560e-9 1.67539 0.02452
561e-9 1.67514 0.02469
562e-9 1.67488 0.02486
563e-9 1.67463 0.02504
564e-9 1.67437 0.02521
565e-9 1.67412 0.02546
566e-9 1.67386 0.02572
567e-9 1.67361 0.02597
568e-9 1.67335 0.02623
569e-9 1.6731 0.02648
570e-9 1.67284 0.02674
571e-9 1.67259 0.02699
572e-9 1.67233 0.02724
573e-9 1.67208 0.0275
574e-9 1.67182 0.02775
575e-9 1.67156 0.02801
576e-9 1.67131 0.02826
577e-9 1.67105 0.02851
578e-9 1.6708 0.02877
579e-9 1.67054 0.02902
580e-9 1.67029 0.02928
581e-9 1.67003 0.0296
582e-9 1.66978 0.02999
583e-9 1.66952 0.03038
584e-9 1.66927 0.03077
585e-9 1.66901 0.03116
586e-9 1.66871 0.03156
587e-9 1.66815 0.03195
588e-9 1.66759 0.03234
589e-9 1.66702 0.03273
590e-9 1.66646 0.03312
591e-9 1.6659 0.03351
592e-9 1.66533 0.0339
593e-9 1.66477 0.0343
594e-9 1.66421 0.0346
595e-9 1.66364 0.03485
596e-9 1.66308 0.03511
597e-9 1.66252 0.03536
598e-9 1.66195 0.03561
599e-9 1.66139 0.03587
600e-9 1.66083 0.03612
601e-9 1.66026 0.03638
602e-9 1.6597 0.03663
603e-9 1.65914 0.03688
604e-9 1.65857 0.03714
605e-9 1.65801 0.03739
606e-9 1.65745 0.03765
607e-9 1.65688 0.0379
608e-9 1.65632 0.03816
609e-9 1.65576 0.03841
610e-9 1.65519 0.03866
611e-9 1.6548 0.03893
612e-9 1.65441 0.03919
613e-9 1.65401 0.03945
614e-9 1.65362 0.03971
615e-9 1.65323 0.03997
616e-9 1.65283 0.04023
617e-9 1.65244 0.04049
618e-9 1.65205 0.04076
619e-9 1.65165 0.04102
620e-9 1.65126 0.04128
621e-9 1.65087 0.04154
622e-9 1.65047 0.0418
623e-9 1.65008 0.04208
624e-9 1.64969 0.04241
625e-9 1.64929 0.04274
626e-9 1.6489 0.04307
627e-9 1.64851 0.0434
628e-9 1.64811 0.04373
629e-9 1.64772 0.04406
630e-9 1.64732 0.04439
631e-9 1.64693 0.04472
632e-9 1.64654 0.04505
633e-9 1.64614 0.04538
634e-9 1.64575 0.04571
635e-9 1.64536 0.04604
636e-9 1.64497 0.04637
637e-9 1.64462 0.0467
638e-9 1.64427 0.04703
639e-9 1.64392 0.04736
640e-9 1.64358 0.04768
641e-9 1.64323 0.04801
642e-9 1.64288 0.04834
643e-9 1.64253 0.04867
644e-9 1.64219 0.04899
645e-9 1.64184 0.04932
646e-9 1.64149 0.04965
647e-9 1.64114 0.04997
648e-9 1.64079 0.0503
649e-9 1.64045 0.05063
650e-9 1.6401 0.05096
651e-9 1.63975 0.05128
652e-9 1.6394 0.05161
653e-9 1.63906 0.05181
654e-9 1.63871 0.05199
655e-9 1.63836 0.05217
656e-9 1.63801 0.05235
657e-9 1.63767 0.05254
658e-9 1.63732 0.05272
659e-9 1.63697 0.0529
660e-9 1.63662 0.05308
661e-9 1.63628 0.05327
662e-9 1.63593 0.05345
663e-9 1.63558 0.05363
664e-9 1.63523 0.05381
665e-9 1.63489 0.054
666e-9 1.6346 0.05418
667e-9 1.63439 0.05436
668e-9 1.63419 0.05455
669e-9 1.63399 0.05473
670e-9 1.63379 0.05491
671e-9 1.63358 0.05516
672e-9 1.63338 0.05546
673e-9 1.63318 0.05577
674e-9 1.63298 0.05608
675e-9 1.63278 0.05638
676e-9 1.63257 0.05669
677e-9 1.63237 0.05699
678e-9 1.63217 0.0573
679e-9 1.63197 0.0576
680e-9 1.63176 0.05791
681e-9 1.63156 0.05821
682e-9 1.63136 0.05852
683e-9 1.63116 0.05882
684e-9 1.63096 0.05913
685e-9 1.63075 0.05944
686e-9 1.63055 0.05974
687e-9 1.63035 0.06005
688e-9 1.63015 0.06035
689e-9 1.62994 0.06066
690e-9 1.62974 0.06096
691e-9 1.62954 0.06127
692e-9 1.62934 0.06157
693e-9 1.62914 0.06188
694e-9 1.62893 0.06217
695e-9 1.62873 0.06247
696e-9 1.62853 0.06277
697e-9 1.62833 0.06307
698e-9 1.62812 0.06337
699e-9 1.62792 0.06367
700e-9 1.62773 0.06396
701e-9 1.62753 0.06426
702e-9 1.62734 0.06456
703e-9 1.62715 0.06486
704e-9 1.62695 0.06516
705e-9 1.62676 0.06546
706e-9 1.62656 0.06575
707e-9 1.62637 0.06605
708e-9 1.62617 0.06635
709e-9 1.62598 0.06665
710e-9 1.62579 0.06695
711e-9 1.62559 0.06725
712e-9 1.6254 0.06754
713e-9 1.6252 0.06784
714e-9 1.62501 0.06814
715e-9 1.62482 0.06844
716e-9 1.62462 0.06874
717e-9 1.62443 0.06902
718e-9 1.62423 0.06929
719e-9 1.62404 0.06957
720e-9 1.62385 0.06984
721e-9 1.62365 0.07012
722e-9 1.62346 0.07039
723e-9 1.62326 0.07066
724e-9 1.62307 0.07094
725e-9 1.62287 0.07121
726e-9 1.62268 0.07148
727e-9 1.62249 0.07176
728e-9 1.62229 0.07203
729e-9 1.6221 0.07231
730e-9 1.6219 0.07258
731e-9 1.62171 0.07285
732e-9 1.62152 0.07313
733e-9 1.62132 0.0734
734e-9 1.62113 0.07368
735e-9 1.62103 0.07395
736e-9 1.62097 0.07422
737e-9 1.62091 0.0745
738e-9 1.62085 0.07477
739e-9 1.62079 0.07505
740e-9 1.62073 0.07532
741e-9 1.62067 0.07559
742e-9 1.62061 0.07587
743e-9 1.62055 0.07614
744e-9 1.62049 0.07641
745e-9 1.62043 0.07662
746e-9 1.62037 0.07684
747e-9 1.62031 0.07705
748e-9 1.62025 0.07726
749e-9 1.62019 0.07748
750e-9 1.62013 0.07769
751e-9 1.62006 0.07791
752e-9 1.62 0.07812
753e-9 1.61994 0.07833
754e-9 1.61988 0.07855
755e-9 1.61982 0.07876
756e-9 1.61976 0.07898
757e-9 1.6197 0.07919
758e-9 1.61964 0.0794
759e-9 1.61958 0.07962
760e-9 1.61952 0.07983
761e-9 1.61946 0.08005
762e-9 1.6194 0.08026
763e-9 1.61919 0.08047
764e-9 1.61896 0.08069
765e-9 1.61873 0.0809
766e-9 1.6185 0.08112
767e-9 1.61827 0.08133
768e-9 1.61803 0.08154
769e-9 1.6178 0.08176
770e-9 1.61757 0.08197
771e-9 1.61734 0.08219
772e-9 1.61711 0.08243
773e-9 1.61687 0.0827
774e-9 1.61664 0.08297
775e-9 1.61641 0.08324
776e-9 1.61618 0.08351
777e-9 1.61595 0.08378
778e-9 1.61571 0.08404
779e-9 1.61548 0.08431
780e-9 1.61525 0.08458
781e-9 1.61502 0.08485
782e-9 1.61479 0.08512
783e-9 1.61455 0.08539
784e-9 1.61432 0.08566
785e-9 1.61418 0.08592
786e-9 1.61409 0.08619
787e-9 1.614 0.08646
788e-9 1.61391 0.08673
789e-9 1.61382 0.087
790e-9 1.61372 0.08727
791e-9 1.61363 0.08753
792e-9 1.61354 0.0878
793e-9 1.61345 0.08807
794e-9 1.61336 0.08834
795e-9 1.61327 0.08861
796e-9 1.61318 0.08888
797e-9 1.61309 0.08915
798e-9 1.613 0.08941
799e-9 1.6129 0.08968
800e-9 1.61281 0.08995
801e-9 1.61272 0.09022
802e-9 1.61263 0.09049
803e-9 1.61255 0.09073
804e-9 1.61255 0.09093
805e-9 1.61255 0.09112
806e-9 1.61255 0.09132
807e-9 1.61255 0.09151
808e-9 1.61255 0.09171
809e-9 1.61255 0.09191
810e-9 1.61255 0.0921
811e-9 1.61255 0.0923
812e-9 1.61255 0.0925
813e-9 1.61255 0.09269
814e-9 1.61255 0.09289
815e-9 1.61255 0.09308
816e-9 1.61255 0.09328
817e-9 1.61255 0.09348
818e-9 1.61255 0.09367
819e-9 1.61255 0.09387
820e-9 1.61255 0.09407
821e-9 1.61255 0.09426
822e-9 1.61255 0.09446
823e-9 1.61255 0.09465
824e-9 1.61255 0.09485
825e-9 1.61255 0.09505
826e-9 1.61255 0.09524
827e-9 1.61255 0.09544
828e-9 1.61255 0.09564
829e-9 1.61255 0.09583
830e-9 1.61255 0.09603
831e-9 1.61255 0.09622
832e-9 1.61255 0.09642
833e-9 1.61255 0.09662
834e-9 1.61255 0.09681
835e-9 1.61255 0.09701
836e-9 1.61255 0.09721
837e-9 1.61255 0.0974
838e-9 1.61255 0.0976
839e-9 1.61255 0.09779
840e-9 1.61255 0.09799
841e-9 1.61255 0.09819
842e-9 1.61255 0.09837
843e-9 1.61255 0.09854
844e-9 1.61255 0.09872
845e-9 1.61255 0.0989
846e-9 1.61255 0.09908
847e-9 1.61255 0.09925
848e-9 1.61255 0.09943
849e-9 1.61255 0.09961
850e-9 1.61255 0.09979
851e-9 1.61255 0.09997
852e-9 1.61255 0.10014
853e-9 1.61255 0.10032
854e-9 1.61255 0.1005
855e-9 1.61255 0.10068
856e-9 1.61255 0.10085
857e-9 1.61255 0.10103
858e-9 1.61255 0.10121
859e-9 1.61255 0.10139
860e-9 1.61255 0.10156
861e-9 1.61255 0.10174
862e-9 1.61255 0.10192
863e-9 1.61255 0.1021
864e-9 1.61255 0.10227
865e-9 1.61255 0.10245
866e-9 1.61255 0.10263
867e-9 1.61249 0.10281
868e-9 1.61243 0.10298
869e-9 1.61237 0.10316
870e-9 1.61231 0.10334
871e-9 1.61225 0.10352
872e-9 1.61219 0.10369
873e-9 1.61213 0.10387
874e-9 1.61207 0.10405
875e-9 1.612 0.10423
876e-9 1.61194 0.10441
877e-9 1.61188 0.1046
878e-9 1.61182 0.10478
879e-9 1.61176 0.10496
880e-9 1.6117 0.10515
881e-9 1.61164 0.10533
882e-9 1.61158 0.10551
883e-9 1.61152 0.1057
884e-9 1.61146 0.10588
885e-9 1.6114 0.10606
886e-9 1.61134 0.10625
887e-9 1.61128 0.10643
888e-9 1.61122 0.10661
889e-9 1.61115 0.1068
890e-9 1.61109 0.10698
891e-9 1.61103 0.10716
892e-9 1.61097 0.10735
893e-9 1.61091 0.10753
894e-9 1.61086 0.10771
895e-9 1.61086 0.1079
896e-9 1.61086 0.10808
897e-9 1.61086 0.10826
898e-9 1.61086 0.10845
899e-9 1.61086 0.10863
900e-9 1.61086 0.10881
901e-9 1.61086 0.109
902e-9 1.61086 0.10917
903e-9 1.61086 0.10931
904e-9 1.61086 0.10946
905e-9 1.61086 0.1096
906e-9 1.61086 0.10975
907e-9 1.61086 0.10989
908e-9 1.61086 0.11004
909e-9 1.61086 0.11018
910e-9 1.61086 0.11032
911e-9 1.61086 0.11047
912e-9 1.61086 0.11061
913e-9 1.61086 0.11076
914e-9 1.61086 0.1109
915e-9 1.61086 0.11105
916e-9 1.61086 0.11119
917e-9 1.61086 0.11133
918e-9 1.61086 0.11148
919e-9 1.61086 0.11162
920e-9 1.61086 0.11177
921e-9 1.61086 0.11191
922e-9 1.61086 0.11206
923e-9 1.61086 0.1122
924e-9 1.61086 0.11234
925e-9 1.61086 0.11249
926e-9 1.61086 0.11263
927e-9 1.61086 0.11278
928e-9 1.61086 0.11292
929e-9 1.61086 0.11307
930e-9 1.61086 0.11321
931e-9 1.61086 0.11335
932e-9 1.61086 0.1135
933e-9 1.61086 0.11364
934e-9 1.61086 0.11379
935e-9 1.61086 0.11393
936e-9 1.61086 0.11408
937e-9 1.61086 0.11422
938e-9 1.61086 0.11436
939e-9 1.61086 0.11451
940e-9 1.61086 0.11465
941e-9 1.61086 0.11479
942e-9 1.61086 0.11493
943e-9 1.61076 0.11508
944e-9 1.61066 0.11522
945e-9 1.61055 0.11536
946e-9 1.61045 0.11551
947e-9 1.61035 0.11565
948e-9 1.61024 0.11579
949e-9 1.61014 0.11593
950e-9 1.61003 0.11608
951e-9 1.60993 0.11622
952e-9 1.60983 0.11636
953e-9 1.60972 0.11651
954e-9 1.60962 0.11665
955e-9 1.60952 0.11679
956e-9 1.60941 0.11693
957e-9 1.60931 0.11708
958e-9 1.6092 0.11722
959e-9 1.6091 0.11736
960e-9 1.609 0.1175
961e-9 1.60889 0.11765
962e-9 1.60879 0.11779
963e-9 1.60869 0.11793
964e-9 1.60858 0.11808
965e-9 1.60848 0.11822
966e-9 1.60838 0.11836
967e-9 1.60827 0.1185
968e-9 1.60817 0.11865
969e-9 1.60806 0.11879
970e-9 1.60796 0.11893
971e-9 1.60786 0.11908
972e-9 1.60775 0.11922
973e-9 1.60765 0.11936
974e-9 1.60755 0.1195
975e-9 1.60744 0.11965
976e-9 1.60745 0.11979
977e-9 1.60754 0.11993
978e-9 1.60763 0.12008
979e-9 1.60772 0.12022
980e-9 1.60781 0.12036
981e-9 1.6079 0.12051
982e-9 1.608 0.12065
983e-9 1.60809 0.1208
984e-9 1.60818 0.12094
985e-9 1.60827 0.12109
986e-9 1.60836 0.12123
987e-9 1.60845 0.12138
988e-9 1.60854 0.12152
989e-9 1.60863 0.12167
990e-9 1.60872 0.12181
991e-9 1.60882 0.12196
992e-9 1.60891 0.12211
993e-9 1.609 0.12225
994e-9 1.60907 0.1224
995e-9 1.60816 0.12254
996e-9 1.60725 0.12269
997e-9 1.60634 0.12283
998e-9 1.60543 0.12298
999e-9 1.60452 0.12312
1000e-9 1.60361 0.12327
