lambda n k
300e-9 2.41941 0.60782
301e-9 2.42237 0.60019
302e-9 2.42513 0.59247
303e-9 2.42782 0.58471
304e-9 2.43041 0.5769
305e-9 2.43288 0.56903
306e-9 2.4353 0.56113
307e-9 2.43762 0.55317
308e-9 2.43986 0.54518
309e-9 2.44204 0.53716
310e-9 2.4441 0.52912
311e-9 2.4461 0.52108
312e-9 2.44802 0.51302
313e-9 2.44983 0.50497
314e-9 2.45159 0.49693
315e-9 2.45325 0.4889
316e-9 2.45481 0.48089
317e-9 2.45632 0.47289
318e-9 2.4577 0.46494
319e-9 2.45902 0.45702
320e-9 2.46026 0.44913
321e-9 2.46137 0.4413
322e-9 2.46243 0.4335
323e-9 2.46339 0.42577
324e-9 2.46424 0.41809
325e-9 2.46503 0.41045
326e-9 2.46569 0.40291
327e-9 2.46628 0.39542
328e-9 2.46679 0.38799
329e-9 2.46716 0.38066
330e-9 2.46747 0.37339
331e-9 2.46767 0.3662
332e-9 2.46776 0.3591
333e-9 2.4678 0.35205
334e-9 2.46769 0.34511
335e-9 2.46751 0.33824
336e-9 2.46725 0.33143
337e-9 2.46686 0.32473
338e-9 2.4664 0.31808
339e-9 2.46584 0.31152
340e-9 2.46517 0.30505
341e-9 2.46444 0.29862
342e-9 2.46358 0.2923
343e-9 2.46264 0.28605
344e-9 2.46163 0.27986
345e-9 2.46048 0.27378
346e-9 2.45927 0.26775
347e-9 2.45796 0.26179
348e-9 2.45654 0.25593
349e-9 2.45506 0.25012
350e-9 2.45346 0.2444
351e-9 2.45178 0.23876
352e-9 2.45003 0.23316
353e-9 2.44814 0.22768
354e-9 2.4462 0.22224
355e-9 2.44416 0.21688
356e-9 2.44201 0.21161
357e-9 2.4398 0.20638
358e-9 2.43747 0.20125
359e-9 2.43506 0.19619
360e-9 2.4326 0.19117
361e-9 2.43 0.18626
362e-9 2.42735 0.1814
363e-9 2.42462 0.1766
364e-9 2.42181 0.1719
365e-9 2.41895 0.16724
366e-9 2.41601 0.16267
367e-9 2.41302 0.15817
368e-9 2.40999 0.15371
369e-9 2.40687 0.14936
370e-9 2.40372 0.14506
371e-9 2.40053 0.14082
372e-9 2.39728 0.13668
373e-9 2.39401 0.13258
374e-9 2.39069 0.12856
375e-9 2.38734 0.12462
376e-9 2.38396 0.12072
377e-9 2.38055 0.11693
378e-9 2.37711 0.11319
379e-9 2.37366 0.1095
380e-9 2.37018 0.10592
381e-9 2.36668 0.10238
382e-9 2.36317 0.09892
383e-9 2.35964 0.09553
384e-9 2.35611 0.09219
385e-9 2.35257 0.08896
386e-9 2.34902 0.08577
387e-9 2.34546 0.08265
388e-9 2.34191 0.07962
389e-9 2.33835 0.07665
390e-9 2.3348 0.07374
391e-9 2.33125 0.07092
392e-9 2.32771 0.06815
393e-9 2.32418 0.06547
394e-9 2.32065 0.06286
395e-9 2.31714 0.06029
396e-9 2.31364 0.05783
397e-9 2.31016 0.05541
398e-9 2.30669 0.05307
399e-9 2.30325 0.0508
400e-9 2.29982 0.04857
401e-9 2.29641 0.04643
402e-9 2.29303 0.04435
403e-9 2.28967 0.04232
404e-9 2.28635 0.04037
405e-9 2.28305 0.03847
406e-9 2.27977 0.03663
407e-9 2.27654 0.03487
408e-9 2.27332 0.03314
409e-9 2.27015 0.03149
410e-9 2.26702 0.02989
411e-9 2.2639 0.02833
412e-9 2.26085 0.02686
413e-9 2.25782 0.02543
414e-9 2.25483 0.02405
415e-9 2.25189 0.02274
416e-9 2.24899 0.02146
417e-9 2.24613 0.02026
418e-9 2.24332 0.0191
419e-9 2.24054 0.01798
420e-9 2.23783 0.01694
421e-9 2.23515 0.01593
422e-9 2.23252 0.01497
423e-9 2.22995 0.01407
424e-9 2.22742 0.01321
425e-9 2.22495 0.01241
426e-9 2.22253 0.01166
427e-9 2.22014 0.01093
428e-9 2.21784 0.01028
429e-9 2.21558 0.00966
430e-9 2.21336 0.00908
431e-9 2.21122 0.00857
432e-9 2.20912 0.00808
433e-9 2.20709 0.00765
434e-9 2.20511 0.00726
435e-9 2.20318 0.0069
436e-9 2.20133 0.0066
437e-9 2.19952 0.00633
438e-9 2.19775 0.0061
439e-9 2.19606 0.00591
440e-9 2.19441 0.00575
441e-9 2.1928 0.00563
442e-9 2.19125 0.00554
443e-9 2.18972 0.00547
444e-9 2.18826 0.00544
445e-9 2.18683 0.00543
446e-9 2.18542 0.00544
447e-9 2.18408 0.00548
448e-9 2.18275 0.00554
449e-9 2.18146 0.00562
450e-9 2.18021 0.00572
451e-9 2.17898 0.00583
452e-9 2.17778 0.00597
453e-9 2.17661 0.00611
454e-9 2.17546 0.00627
455e-9 2.17435 0.00644
456e-9 2.17325 0.00663
457e-9 2.17217 0.00682
458e-9 2.17112 0.00702
459e-9 2.17008 0.00722
460e-9 2.16906 0.00743
461e-9 2.16805 0.00765
462e-9 2.16706 0.00787
463e-9 2.16609 0.00809
464e-9 2.16512 0.00832
465e-9 2.16417 0.00854
466e-9 2.16323 0.00876
467e-9 2.16229 0.00898
468e-9 2.16137 0.0092
469e-9 2.16045 0.00942
470e-9 2.15954 0.00963
471e-9 2.15863 0.00983
472e-9 2.15772 0.01003
473e-9 2.15682 0.01022
474e-9 2.15592 0.0104
475e-9 2.15502 0.01058
476e-9 2.15412 0.01074
477e-9 2.15322 0.01089
478e-9 2.15232 0.01104
479e-9 2.15141 0.01117
480e-9 2.1505 0.01129
481e-9 2.14959 0.0114
482e-9 2.14867 0.01148
483e-9 2.14775 0.01156
484e-9 2.14682 0.01162
485e-9 2.14588 0.01167
486e-9 2.14493 0.0117
487e-9 2.14397 0.01171
488e-9 2.14301 0.01171
489e-9 2.14204 0.01169
490e-9 2.14106 0.01165
491e-9 2.14008 0.0116
492e-9 2.13908 0.01154
493e-9 2.13809 0.01146
494e-9 2.13709 0.01137
495e-9 2.13608 0.01127
496e-9 2.13507 0.01116
497e-9 2.13406 0.01104
498e-9 2.13305 0.0109
499e-9 2.13203 0.01076
500e-9 2.13101 0.0106
501e-9 2.13 0.01044
502e-9 2.12898 0.01027
503e-9 2.12796 0.01009
504e-9 2.12694 0.00991
505e-9 2.12592 0.00972
506e-9 2.12491 0.00952
507e-9 2.12389 0.00932
508e-9 2.12288 0.00911
509e-9 2.12187 0.00889
510e-9 2.12087 0.00868
511e-9 2.11987 0.00846
512e-9 2.11887 0.00823
513e-9 2.11787 0.00801
514e-9 2.11689 0.00778
515e-9 2.1159 0.00754
516e-9 2.11492 0.00731
517e-9 2.11395 0.00708
518e-9 2.11298 0.00684
519e-9 2.11203 0.00661
520e-9 2.11107 0.00637
521e-9 2.11013 0.00613
522e-9 2.10919 0.0059
523e-9 2.10826 0.00566
524e-9 2.10734 0.00543
525e-9 2.10642 0.0052
526e-9 2.10552 0.00497
527e-9 2.10462 0.00474
528e-9 2.10374 0.00452
529e-9 2.10286 0.00429
530e-9 2.10199 0.00408
531e-9 2.10114 0.00386
532e-9 2.10029 0.00365
533e-9 2.09945 0.00344
534e-9 2.09863 0.00324
535e-9 2.09781 0.00304
536e-9 2.09701 0.00284
537e-9 2.09622 0.00265
538e-9 2.09544 0.00247
539e-9 2.09467 0.00229
540e-9 2.09391 0.00212
541e-9 2.09317 0.00195
542e-9 2.09244 0.00179
543e-9 2.09172 0.00164
544e-9 2.09101 0.00149
545e-9 2.09032 0.00135
546e-9 2.08964 0.00122
547e-9 2.08897 0.0011
548e-9 2.08831 0.000974497
549e-9 2.08768 0.000866608
550e-9 2.08705 0.00076363
551e-9 2.08644 0.000668158
552e-9 2.08584 0.00058344
553e-9 2.08525 0.000504125
554e-9 2.08468 0.000435031
555e-9 2.08413 0.000373776
556e-9 2.08358 0.000317897
557e-9 2.08305 0.000273298
558e-9 2.08253 0.000233596
559e-9 2.08202 0.00020093
560e-9 2.08153 0.000177519
561e-9 2.08104 0.000158723
562e-9 2.08056 0.000148671
563e-9 2.0801 0.000144601
564e-9 2.07964 0.000144433
565e-9 2.0792 0.000154484
566e-9 2.07877 0.00016879
567e-9 2.07834 0.000188266
568e-9 2.07793 0.000215303
569e-9 2.07752 0.000246101
570e-9 2.07712 0.0002838
571e-9 2.07673 0.000327024
572e-9 2.07635 0.000373585
573e-9 2.07597 0.000427624
574e-9 2.0756 0.000485694
575e-9 2.07524 0.000547902
576e-9 2.07489 0.000616347
577e-9 2.07454 0.000687812
578e-9 2.0742 0.000764476
579e-9 2.07387 0.000846116
580e-9 2.07354 0.000930422
581e-9 2.07321 0.00102
582e-9 2.07289 0.00111
583e-9 2.07258 0.00121
584e-9 2.07227 0.00131
585e-9 2.07197 0.00141
586e-9 2.07167 0.00152
587e-9 2.07138 0.00163
588e-9 2.07108 0.00175
589e-9 2.0708 0.00186
590e-9 2.07051 0.00199
591e-9 2.07023 0.00211
592e-9 2.06996 0.00224
593e-9 2.06968 0.00236
594e-9 2.06941 0.0025
595e-9 2.06915 0.00263
596e-9 2.06888 0.00277
597e-9 2.06862 0.00291
598e-9 2.06836 0.00305
599e-9 2.0681 0.00319
600e-9 2.06784 0.00334
601e-9 2.06758 0.00348
602e-9 2.06733 0.00363
603e-9 2.06708 0.00379
604e-9 2.06683 0.00394
605e-9 2.06658 0.00409
606e-9 2.06633 0.00425
607e-9 2.06608 0.00441
608e-9 2.06583 0.00457
609e-9 2.06558 0.00473
610e-9 2.06533 0.00489
611e-9 2.06509 0.00505
612e-9 2.06484 0.00522
613e-9 2.06459 0.00538
614e-9 2.06435 0.00555
615e-9 2.0641 0.00572
616e-9 2.06385 0.00589
617e-9 2.0636 0.00606
618e-9 2.06335 0.00623
619e-9 2.0631 0.0064
620e-9 2.06285 0.00657
621e-9 2.0626 0.00674
622e-9 2.06234 0.00691
623e-9 2.06209 0.00708
624e-9 2.06183 0.00726
625e-9 2.06158 0.00743
626e-9 2.06132 0.0076
627e-9 2.06106 0.00778
628e-9 2.06079 0.00795
629e-9 2.06053 0.00813
630e-9 2.06026 0.0083
631e-9 2.06 0.00848
632e-9 2.05972 0.00865
633e-9 2.05945 0.00882
634e-9 2.05918 0.009
635e-9 2.0589 0.00917
636e-9 2.05862 0.00935
637e-9 2.05834 0.00952
638e-9 2.05805 0.00969
639e-9 2.05777 0.00987
640e-9 2.05748 0.01004
641e-9 2.05718 0.01021
642e-9 2.05689 0.01038
643e-9 2.05659 0.01055
644e-9 2.05629 0.01072
645e-9 2.05599 0.01089
646e-9 2.05569 0.01106
647e-9 2.05538 0.01123
648e-9 2.05508 0.0114
649e-9 2.05477 0.01157
650e-9 2.05446 0.01173
651e-9 2.05415 0.0119
652e-9 2.05383 0.01207
653e-9 2.05352 0.01223
654e-9 2.05321 0.01239
655e-9 2.05289 0.01256
656e-9 2.05257 0.01272
657e-9 2.05225 0.01288
658e-9 2.05193 0.01304
659e-9 2.05161 0.0132
660e-9 2.05129 0.01336
661e-9 2.05097 0.01352
662e-9 2.05065 0.01368
663e-9 2.05033 0.01383
664e-9 2.05 0.01399
665e-9 2.04968 0.01414
666e-9 2.04936 0.0143
667e-9 2.04903 0.01445
668e-9 2.04871 0.0146
669e-9 2.04839 0.01475
670e-9 2.04806 0.0149
671e-9 2.04774 0.01505
672e-9 2.04741 0.01519
673e-9 2.04709 0.01534
674e-9 2.04676 0.01548
675e-9 2.04644 0.01563
676e-9 2.04612 0.01577
677e-9 2.0458 0.01591
678e-9 2.04547 0.01605
679e-9 2.04515 0.01619
680e-9 2.04483 0.01633
681e-9 2.04451 0.01646
682e-9 2.04419 0.0166
683e-9 2.04387 0.01673
684e-9 2.04355 0.01686
685e-9 2.04323 0.01699
686e-9 2.04291 0.01712
687e-9 2.0426 0.01725
688e-9 2.04228 0.01738
689e-9 2.04197 0.01751
690e-9 2.04166 0.01763
691e-9 2.04134 0.01775
692e-9 2.04103 0.01787
693e-9 2.04072 0.01799
694e-9 2.04041 0.01811
695e-9 2.04011 0.01823
696e-9 2.0398 0.01835
697e-9 2.03949 0.01846
698e-9 2.03919 0.01857
699e-9 2.03889 0.01869
700e-9 2.03859 0.01879
701e-9 2.03829 0.0189
702e-9 2.03799 0.01901
703e-9 2.0377 0.01912
704e-9 2.0374 0.01922
705e-9 2.03711 0.01932
706e-9 2.03682 0.01942
707e-9 2.03653 0.01952
708e-9 2.03624 0.01962
709e-9 2.03595 0.01972
710e-9 2.03567 0.01981
711e-9 2.03539 0.01991
712e-9 2.03511 0.02
713e-9 2.03483 0.02009
714e-9 2.03455 0.02018
715e-9 2.03428 0.02026
716e-9 2.034 0.02035
717e-9 2.03373 0.02043
718e-9 2.03346 0.02052
719e-9 2.0332 0.0206
720e-9 2.03293 0.02068
721e-9 2.03267 0.02075
722e-9 2.03241 0.02083
723e-9 2.03215 0.0209
724e-9 2.03189 0.02098
725e-9 2.03164 0.02105
726e-9 2.03139 0.02112
727e-9 2.03114 0.02118
728e-9 2.03089 0.02125
729e-9 2.03064 0.02132
730e-9 2.0304 0.02138
731e-9 2.03016 0.02144
732e-9 2.02992 0.0215
733e-9 2.02968 0.02156
734e-9 2.02945 0.02161
735e-9 2.02922 0.02167
736e-9 2.02899 0.02172
737e-9 2.02876 0.02177
738e-9 2.02854 0.02182
739e-9 2.02832 0.02187
740e-9 2.0281 0.02192
741e-9 2.02788 0.02196
742e-9 2.02767 0.02201
743e-9 2.02746 0.02205
744e-9 2.02725 0.02209
745e-9 2.02704 0.02213
746e-9 2.02684 0.02216
747e-9 2.02663 0.0222
748e-9 2.02644 0.02223
749e-9 2.02624 0.02226
750e-9 2.02605 0.02229
751e-9 2.02585 0.02232
752e-9 2.02567 0.02235
753e-9 2.02548 0.02237
754e-9 2.0253 0.02239
755e-9 2.02512 0.02242
756e-9 2.02494 0.02244
757e-9 2.02476 0.02245
758e-9 2.02459 0.02247
759e-9 2.02442 0.02249
760e-9 2.02425 0.0225
761e-9 2.02409 0.02251
762e-9 2.02393 0.02252
763e-9 2.02377 0.02253
764e-9 2.02361 0.02254
765e-9 2.02345 0.02254
766e-9 2.0233 0.02255
767e-9 2.02315 0.02255
768e-9 2.023 0.02255
769e-9 2.02286 0.02255
770e-9 2.02271 0.02255
771e-9 2.02257 0.02255
772e-9 2.02243 0.02255
773e-9 2.02229 0.02254
774e-9 2.02216 0.02254
775e-9 2.02202 0.02253
776e-9 2.02189 0.02252
777e-9 2.02176 0.02252
778e-9 2.02164 0.02251
779e-9 2.02151 0.02249
780e-9 2.02139 0.02248
781e-9 2.02127 0.02247
782e-9 2.02115 0.02246
783e-9 2.02103 0.02244
784e-9 2.02091 0.02242
785e-9 2.0208 0.02241
786e-9 2.02069 0.02239
787e-9 2.02058 0.02237
788e-9 2.02047 0.02235
789e-9 2.02036 0.02233
790e-9 2.02026 0.02231
791e-9 2.02015 0.02229
792e-9 2.02005 0.02227
793e-9 2.01995 0.02224
794e-9 2.01985 0.02222
795e-9 2.01976 0.02219
796e-9 2.01966 0.02217
797e-9 2.01957 0.02214
798e-9 2.01947 0.02211
799e-9 2.01938 0.02209
800e-9 2.01929 0.02206
