lambda n k
300e-9 0.27444 0.83129
301e-9 0.28122 0.83912
302e-9 0.288 0.84695
303e-9 0.29479 0.85478
304e-9 0.30157 0.86261
305e-9 0.30835 0.87044
306e-9 0.31514 0.87827
307e-9 0.32192 0.88609
308e-9 0.3287 0.89392
309e-9 0.33548 0.90175
310e-9 0.34227 0.90958
311e-9 0.34905 0.91958
312e-9 0.35583 0.92958
313e-9 0.36262 0.93957
314e-9 0.3694 0.94957
315e-9 0.37618 0.95956
316e-9 0.38297 0.97068
317e-9 0.38975 0.98179
318e-9 0.39653 0.9929
319e-9 0.40332 1.00402
320e-9 0.4101 1.01513
321e-9 0.41688 1.02792
322e-9 0.42367 1.04071
323e-9 0.43045 1.0535
324e-9 0.43723 1.06629
325e-9 0.44401 1.07907
326e-9 0.45885 1.09187
327e-9 0.47369 1.10467
328e-9 0.48853 1.11747
329e-9 0.50337 1.13026
330e-9 0.51821 1.14306
331e-9 0.53939 1.15566
332e-9 0.56057 1.16825
333e-9 0.58174 1.18085
334e-9 0.60292 1.19345
335e-9 0.62409 1.20604
336e-9 0.65116 1.21861
337e-9 0.67822 1.23118
338e-9 0.70528 1.24374
339e-9 0.73234 1.25631
340e-9 0.7594 1.26887
341e-9 0.79262 1.28065
342e-9 0.82584 1.29243
343e-9 0.85906 1.30422
344e-9 0.89227 1.316
345e-9 0.92549 1.32778
346e-9 0.97581 1.33443
347e-9 1.02614 1.34109
348e-9 1.07646 1.34774
349e-9 1.12678 1.35439
350e-9 1.17711 1.36104
351e-9 1.2068 1.36334
352e-9 1.23649 1.36564
353e-9 1.26618 1.36794
354e-9 1.29588 1.37023
355e-9 1.32557 1.37253
356e-9 1.36877 1.37239
357e-9 1.41198 1.37225
358e-9 1.45518 1.37211
359e-9 1.49838 1.37197
360e-9 1.54159 1.37183
361e-9 1.58076 1.36835
362e-9 1.61993 1.36488
363e-9 1.6591 1.36141
364e-9 1.69827 1.35793
365e-9 1.73744 1.35446
366e-9 1.7702 1.34694
367e-9 1.80295 1.33942
368e-9 1.83571 1.3319
369e-9 1.86846 1.32438
370e-9 1.90122 1.31685
371e-9 1.93107 1.30333
372e-9 1.96092 1.28981
373e-9 1.99078 1.27629
374e-9 2.02063 1.26276
375e-9 2.05048 1.24924
376e-9 2.07929 1.23598
377e-9 2.1081 1.22271
378e-9 2.13691 1.20945
379e-9 2.16572 1.19619
380e-9 2.19453 1.18292
381e-9 2.2078 1.17066
382e-9 2.22107 1.1584
383e-9 2.23434 1.14613
384e-9 2.24761 1.13387
385e-9 2.26088 1.12161
386e-9 2.26843 1.10729
387e-9 2.27597 1.09297
388e-9 2.28351 1.07865
389e-9 2.29105 1.06433
390e-9 2.2986 1.05001
391e-9 2.30412 1.04145
392e-9 2.30965 1.03288
393e-9 2.31517 1.02431
394e-9 2.3207 1.01575
395e-9 2.32622 1.00718
396e-9 2.32928 0.99392
397e-9 2.33233 0.98066
398e-9 2.33539 0.9674
399e-9 2.33845 0.95414
400e-9 2.3415 0.94088
401e-9 2.34293 0.9297
402e-9 2.34435 0.91852
403e-9 2.34578 0.90734
404e-9 2.34721 0.89617
405e-9 2.34863 0.88499
406e-9 2.34447 0.87931
407e-9 2.34032 0.87363
408e-9 2.33616 0.86795
409e-9 2.332 0.86228
410e-9 2.32784 0.8566
411e-9 2.32319 0.85012
412e-9 2.31853 0.84365
413e-9 2.31388 0.83718
414e-9 2.30922 0.8307
415e-9 2.30456 0.82423
416e-9 2.30075 0.81818
417e-9 2.29693 0.81213
418e-9 2.29312 0.80608
419e-9 2.2893 0.80003
420e-9 2.28549 0.79399
421e-9 2.28167 0.78966
422e-9 2.27786 0.78534
423e-9 2.27404 0.78101
424e-9 2.27022 0.77669
425e-9 2.26641 0.77236
426e-9 2.26259 0.76809
427e-9 2.25878 0.76382
428e-9 2.25496 0.75955
429e-9 2.25115 0.75528
430e-9 2.24733 0.75101
431e-9 2.24458 0.74822
432e-9 2.24182 0.74544
433e-9 2.23907 0.74265
434e-9 2.23632 0.73986
435e-9 2.23356 0.73708
436e-9 2.23096 0.73461
437e-9 2.22835 0.73214
438e-9 2.22575 0.72967
439e-9 2.22315 0.7272
440e-9 2.22054 0.72473
441e-9 2.21794 0.72443
442e-9 2.21534 0.72414
443e-9 2.21274 0.72385
444e-9 2.21013 0.72355
445e-9 2.20753 0.72326
446e-9 2.20836 0.72285
447e-9 2.20919 0.72244
448e-9 2.21002 0.72204
449e-9 2.21085 0.72163
450e-9 2.21168 0.72122
451e-9 2.21257 0.72049
452e-9 2.21346 0.71975
453e-9 2.21434 0.71901
454e-9 2.21523 0.71828
455e-9 2.21612 0.71754
456e-9 2.21753 0.7168
457e-9 2.21894 0.71606
458e-9 2.22036 0.71533
459e-9 2.22177 0.71459
460e-9 2.22318 0.71385
461e-9 2.22746 0.7131
462e-9 2.23175 0.71234
463e-9 2.23603 0.71158
464e-9 2.24031 0.71082
465e-9 2.24459 0.71006
466e-9 2.24889 0.70886
467e-9 2.2532 0.70765
468e-9 2.2575 0.70645
469e-9 2.2618 0.70524
470e-9 2.26611 0.70404
471e-9 2.27163 0.70283
472e-9 2.27716 0.70163
473e-9 2.28268 0.70043
474e-9 2.28821 0.69922
475e-9 2.29373 0.69802
476e-9 2.29979 0.69645
477e-9 2.30584 0.69488
478e-9 2.3119 0.69331
479e-9 2.31795 0.69174
480e-9 2.32401 0.69018
481e-9 2.32999 0.68836
482e-9 2.33598 0.68654
483e-9 2.34196 0.68472
484e-9 2.34795 0.6829
485e-9 2.35393 0.68108
486e-9 2.35984 0.67926
487e-9 2.36575 0.67744
488e-9 2.37166 0.67562
489e-9 2.37758 0.6738
490e-9 2.38349 0.67198
491e-9 2.39024 0.66962
492e-9 2.39699 0.66726
493e-9 2.40374 0.6649
494e-9 2.4105 0.66254
495e-9 2.41725 0.66018
496e-9 2.42643 0.65694
497e-9 2.43562 0.6537
498e-9 2.4448 0.65046
499e-9 2.45399 0.64722
500e-9 2.46317 0.64398
501e-9 2.46909 0.64019
502e-9 2.475 0.63639
503e-9 2.48092 0.6326
504e-9 2.48683 0.6288
505e-9 2.49275 0.62501
506e-9 2.49586 0.62077
507e-9 2.49896 0.61654
508e-9 2.50207 0.6123
509e-9 2.50518 0.60806
510e-9 2.50829 0.60383
511e-9 2.51127 0.59956
512e-9 2.51426 0.59529
513e-9 2.51725 0.59102
514e-9 2.52024 0.58675
515e-9 2.52322 0.58248
516e-9 2.52608 0.57817
517e-9 2.52893 0.57386
518e-9 2.53178 0.56955
519e-9 2.53463 0.56524
520e-9 2.53748 0.56093
521e-9 2.54034 0.55562
522e-9 2.54319 0.55032
523e-9 2.54605 0.54501
524e-9 2.54891 0.5397
525e-9 2.55176 0.5344
526e-9 2.55402 0.52906
527e-9 2.55627 0.52373
528e-9 2.55853 0.51839
529e-9 2.56078 0.51306
530e-9 2.56303 0.50772
531e-9 2.56359 0.50227
532e-9 2.56414 0.49681
533e-9 2.56469 0.49136
534e-9 2.56524 0.48591
535e-9 2.5658 0.48046
536e-9 2.56635 0.4742
537e-9 2.5669 0.46795
538e-9 2.56745 0.46169
539e-9 2.56801 0.45544
540e-9 2.56856 0.44918
541e-9 2.56891 0.44464
542e-9 2.56926 0.44009
543e-9 2.56961 0.43555
544e-9 2.56996 0.431
545e-9 2.5703 0.42646
546e-9 2.56721 0.42281
547e-9 2.56411 0.41917
548e-9 2.56102 0.41552
549e-9 2.55792 0.41188
550e-9 2.55483 0.40823
551e-9 2.55031 0.404
552e-9 2.5458 0.39977
553e-9 2.54128 0.39554
554e-9 2.53677 0.39131
555e-9 2.53225 0.38708
556e-9 2.52758 0.38296
557e-9 2.52291 0.37884
558e-9 2.51823 0.37472
559e-9 2.51356 0.37059
560e-9 2.50889 0.36647
561e-9 2.50603 0.36316
562e-9 2.50318 0.35985
563e-9 2.50032 0.35653
564e-9 2.49747 0.35322
565e-9 2.49462 0.3499
566e-9 2.49176 0.34657
567e-9 2.48891 0.34324
568e-9 2.48605 0.33991
569e-9 2.4832 0.33658
570e-9 2.48034 0.33325
571e-9 2.47744 0.3299
572e-9 2.47454 0.32654
573e-9 2.47163 0.32319
574e-9 2.46873 0.31983
575e-9 2.46583 0.31647
576e-9 2.46063 0.31353
577e-9 2.45543 0.31058
578e-9 2.45023 0.30764
579e-9 2.44503 0.30469
580e-9 2.43983 0.30175
581e-9 2.4349 0.29903
582e-9 2.42996 0.29632
583e-9 2.42502 0.29361
584e-9 2.42009 0.29089
585e-9 2.41515 0.28818
586e-9 2.41096 0.28593
587e-9 2.40677 0.28369
588e-9 2.40258 0.28144
589e-9 2.39839 0.27919
590e-9 2.3942 0.27695
591e-9 2.39001 0.27481
592e-9 2.38582 0.27267
593e-9 2.38163 0.27053
594e-9 2.37744 0.26839
595e-9 2.37326 0.26625
596e-9 2.36898 0.26411
597e-9 2.36471 0.26197
598e-9 2.36044 0.25983
599e-9 2.35617 0.25769
600e-9 2.3519 0.25556
601e-9 2.34619 0.25357
602e-9 2.34049 0.25158
603e-9 2.33479 0.24959
604e-9 2.32909 0.2476
605e-9 2.32338 0.24561
606e-9 2.31826 0.24399
607e-9 2.31314 0.24237
608e-9 2.30802 0.24075
609e-9 2.3029 0.23913
610e-9 2.29778 0.23751
611e-9 2.29405 0.2361
612e-9 2.29033 0.23468
613e-9 2.2866 0.23327
614e-9 2.28288 0.23185
615e-9 2.27915 0.23044
616e-9 2.27542 0.22927
617e-9 2.2717 0.22809
618e-9 2.26797 0.22692
619e-9 2.26424 0.22574
620e-9 2.26052 0.22457
621e-9 2.25692 0.22375
622e-9 2.25332 0.22293
623e-9 2.24973 0.22211
624e-9 2.24613 0.22129
625e-9 2.24253 0.22047
626e-9 2.23912 0.2198
627e-9 2.23572 0.21914
628e-9 2.23231 0.21847
629e-9 2.2289 0.2178
630e-9 2.2255 0.21713
631e-9 2.22209 0.21646
632e-9 2.21868 0.2158
633e-9 2.21527 0.21513
634e-9 2.21187 0.21446
635e-9 2.20846 0.21379
636e-9 2.20519 0.21325
637e-9 2.20192 0.2127
638e-9 2.19865 0.21216
639e-9 2.19538 0.21162
640e-9 2.19211 0.21107
641e-9 2.1894 0.21066
642e-9 2.18669 0.21024
643e-9 2.18398 0.20982
644e-9 2.18127 0.20941
645e-9 2.17857 0.20899
646e-9 2.17586 0.20857
647e-9 2.17315 0.20816
648e-9 2.17044 0.20774
649e-9 2.16773 0.20733
650e-9 2.16502 0.20691
651e-9 2.16258 0.20649
652e-9 2.16014 0.20608
653e-9 2.1577 0.20566
654e-9 2.15526 0.20524
655e-9 2.15282 0.20483
656e-9 2.15047 0.20441
657e-9 2.14812 0.204
658e-9 2.14577 0.20358
659e-9 2.14343 0.20316
660e-9 2.14108 0.20275
661e-9 2.13873 0.20244
662e-9 2.13638 0.20213
663e-9 2.13403 0.20182
664e-9 2.13169 0.20151
665e-9 2.12934 0.2012
666e-9 2.12708 0.201
667e-9 2.12483 0.20079
668e-9 2.12257 0.20058
669e-9 2.12032 0.20037
670e-9 2.11806 0.20016
671e-9 2.11629 0.19995
672e-9 2.11451 0.19975
673e-9 2.11274 0.19954
674e-9 2.11096 0.19933
675e-9 2.10919 0.19912
676e-9 2.10742 0.19891
677e-9 2.10564 0.1987
678e-9 2.10387 0.1985
679e-9 2.10209 0.19829
680e-9 2.10032 0.19808
681e-9 2.09862 0.19794
682e-9 2.09691 0.1978
683e-9 2.09521 0.19766
684e-9 2.0935 0.19752
685e-9 2.0918 0.19739
686e-9 2.09023 0.19729
687e-9 2.08867 0.19719
688e-9 2.0871 0.1971
689e-9 2.08554 0.197
690e-9 2.08397 0.19691
691e-9 2.08241 0.19681
692e-9 2.08084 0.19672
693e-9 2.07927 0.19662
694e-9 2.07771 0.19653
695e-9 2.07614 0.19643
696e-9 2.07485 0.19634
697e-9 2.07355 0.19624
698e-9 2.07225 0.19615
699e-9 2.07095 0.19605
700e-9 2.06966 0.19596
701e-9 2.07021 0.19586
702e-9 2.07076 0.19577
703e-9 2.07131 0.19567
704e-9 2.07187 0.19558
705e-9 2.07242 0.19548
706e-9 2.07297 0.19517
707e-9 2.07352 0.19486
708e-9 2.07408 0.19454
709e-9 2.07463 0.19423
710e-9 2.07518 0.19392
711e-9 2.07573 0.1936
712e-9 2.07629 0.19327
713e-9 2.07684 0.19295
714e-9 2.07739 0.19263
715e-9 2.07794 0.19231
716e-9 2.08061 0.19199
717e-9 2.08328 0.19166
718e-9 2.08595 0.19134
719e-9 2.08861 0.19102
720e-9 2.09128 0.1907
721e-9 2.09393 0.19032
722e-9 2.09657 0.18994
723e-9 2.09922 0.18956
724e-9 2.10186 0.18918
725e-9 2.10451 0.18881
726e-9 2.10607 0.18749
727e-9 2.10764 0.18616
728e-9 2.10921 0.18484
729e-9 2.11077 0.18352
730e-9 2.11234 0.1822
731e-9 2.1139 0.18088
732e-9 2.11547 0.17956
733e-9 2.11703 0.17824
734e-9 2.1186 0.17691
735e-9 2.12016 0.17559
736e-9 2.12173 0.17397
737e-9 2.12329 0.17234
738e-9 2.12486 0.17071
739e-9 2.12642 0.16909
740e-9 2.12799 0.16746
741e-9 2.13166 0.16557
742e-9 2.13533 0.16369
743e-9 2.13901 0.1618
744e-9 2.14268 0.15991
745e-9 2.14635 0.15802
746e-9 2.1493 0.15578
747e-9 2.15226 0.15353
748e-9 2.15521 0.15129
749e-9 2.15817 0.14904
750e-9 2.16112 0.1468
751e-9 2.16067 0.14383
752e-9 2.16022 0.14087
753e-9 2.15976 0.13791
754e-9 2.15931 0.13495
755e-9 2.15886 0.13199
756e-9 2.1584 0.12869
757e-9 2.15795 0.12539
758e-9 2.1575 0.1221
759e-9 2.15704 0.1188
760e-9 2.15659 0.11551
761e-9 2.15614 0.1113
762e-9 2.15568 0.10709
763e-9 2.15523 0.10288
764e-9 2.15478 0.09868
765e-9 2.15432 0.09447
766e-9 2.1525 0.0887
767e-9 2.15067 0.08294
768e-9 2.14885 0.07718
769e-9 2.14702 0.07141
770e-9 2.1452 0.06565
771e-9 2.1425 0.06233
772e-9 2.1398 0.059
773e-9 2.1371 0.05568
774e-9 2.1344 0.05236
775e-9 2.1317 0.04904
776e-9 2.12851 0.0471
777e-9 2.12532 0.04517
778e-9 2.12213 0.04323
779e-9 2.11894 0.0413
780e-9 2.11575 0.03936
781e-9 2.10796 0.03724
782e-9 2.10017 0.03511
783e-9 2.09238 0.03299
784e-9 2.08459 0.03086
785e-9 2.0768 0.02873
786e-9 2.06758 0.02613
787e-9 2.05835 0.02353
788e-9 2.04913 0.02092
789e-9 2.0399 0.01832
790e-9 2.03068 0.01571
791e-9 2.02036 0.01469
792e-9 2.01004 0.01368
793e-9 1.99973 0.01266
794e-9 1.98941 0.01164
795e-9 1.97909 0.01062
796e-9 1.96862 0.00991
797e-9 1.95815 0.00919
798e-9 1.94768 0.00848
799e-9 1.93721 0.00777
800e-9 1.92673 0.00705
801e-9 1.92139 0.00634
802e-9 1.91605 0.00563
803e-9 1.91071 0.00492
804e-9 1.90537 0.0042
805e-9 1.90003 0.00349
806e-9 1.89468 0.00299
807e-9 1.88934 0.00248
808e-9 1.884 0.00198
809e-9 1.87866 0.00148
810e-9 1.87332 0.000976
811e-9 1.8671 0.0009342
812e-9 1.86088 0.0008924
813e-9 1.85466 0.0008506
814e-9 1.84844 0.0008088
815e-9 1.84222 0.000767
816e-9 1.8356 0.000725
817e-9 1.82897 0.000683
818e-9 1.82235 0.000641
819e-9 1.81572 0.000599
820e-9 1.8091 0.000557
821e-9 1.80464 0.0005152
822e-9 1.80018 0.0004734
823e-9 1.79572 0.0004316
824e-9 1.79126 0.0003898
825e-9 1.7868 0.000348
826e-9 1.78251 0.000306
827e-9 1.77823 0.000264
828e-9 1.77395 0.000222
829e-9 1.76967 0.00018
830e-9 1.76539 0.000138
831e-9 1.76219 0.0001104
832e-9 1.759 8.28e-05
833e-9 1.7558 5.52e-05
834e-9 1.7526 2.76e-05
835e-9 1.74941 0.0
836e-9 1.74651 0.0
837e-9 1.74361 0.0
838e-9 1.74071 0.0
839e-9 1.73781 0.0
840e-9 1.73491 0.0
841e-9 1.73201 0.0
842e-9 1.7291 0.0
843e-9 1.7262 0.0
844e-9 1.7233 0.0
845e-9 1.7204 0.0
846e-9 1.71835 0.0
847e-9 1.71629 0.0
848e-9 1.71423 0.0
849e-9 1.71217 0.0
850e-9 1.71012 0.0
851e-9 1.70867 0.0
852e-9 1.70722 0.0
853e-9 1.70577 0.0
854e-9 1.70433 0.0
855e-9 1.70288 0.0
856e-9 1.70143 0.0
857e-9 1.69998 0.0
858e-9 1.69854 0.0
859e-9 1.69709 0.0
860e-9 1.69564 0.0
861e-9 1.69419 0.0
862e-9 1.69275 0.0
863e-9 1.6913 0.0
864e-9 1.68985 0.0
865e-9 1.6884 0.0
866e-9 1.68696 0.0
867e-9 1.68551 0.0
868e-9 1.68406 0.0
869e-9 1.68261 0.0
870e-9 1.68117 0.0
871e-9 1.6801 0.0
872e-9 1.67904 0.0
873e-9 1.67798 0.0
874e-9 1.67692 0.0
875e-9 1.67586 0.0
876e-9 1.6748 0.0
877e-9 1.67374 0.0
878e-9 1.67268 0.0
879e-9 1.67162 0.0
880e-9 1.67056 0.0
881e-9 1.6695 0.0
882e-9 1.66844 0.0
883e-9 1.66738 0.0
884e-9 1.66633 0.0
885e-9 1.66527 0.0
886e-9 1.66435 0.0
887e-9 1.66343 0.0
888e-9 1.66252 0.0
889e-9 1.6616 0.0
890e-9 1.66068 0.0
891e-9 1.65981 0.0
892e-9 1.65893 0.0
893e-9 1.65805 0.0
894e-9 1.65718 0.0
895e-9 1.6563 0.0
896e-9 1.65542 0.0
897e-9 1.65454 0.0
898e-9 1.65367 0.0
899e-9 1.65279 0.0
900e-9 1.65191 0.0
