lambda n k
300e-9 1.95924 0.35861
301e-9 1.95651 0.35486
302e-9 1.95377 0.35155
303e-9 1.95101 0.3484
304e-9 1.9482 0.34549
305e-9 1.94536 0.34284
306e-9 1.94253 0.34031
307e-9 1.93972 0.33798
308e-9 1.93692 0.33581
309e-9 1.93413 0.33375
310e-9 1.93129 0.33203
311e-9 1.92842 0.33047
312e-9 1.92551 0.32917
313e-9 1.92258 0.32826
314e-9 1.91966 0.32758
315e-9 1.91675 0.32733
316e-9 1.91391 0.32747
317e-9 1.9111 0.32787
318e-9 1.90843 0.32891
319e-9 1.90585 0.33027
320e-9 1.9034 0.33201
321e-9 1.90132 0.33437
322e-9 1.89948 0.33701
323e-9 1.89811 0.34017
324e-9 1.89732 0.34375
325e-9 1.8969 0.34757
326e-9 1.89744 0.35181
327e-9 1.89856 0.35618
328e-9 1.90032 0.36069
329e-9 1.90325 0.36516
330e-9 1.90676 0.36949
331e-9 1.91127 0.37352
332e-9 1.91677 0.37699
333e-9 1.92281 0.38011
334e-9 1.92982 0.38219
335e-9 1.93718 0.38351
336e-9 1.94487 0.3841
337e-9 1.95282 0.38315
338e-9 1.96076 0.38159
339e-9 1.96861 0.37903
340e-9 1.97608 0.37557
341e-9 1.98331 0.37164
342e-9 1.98985 0.36685
343e-9 1.99592 0.36165
344e-9 2.0016 0.3561
345e-9 2.00645 0.35003
346e-9 2.01093 0.34381
347e-9 2.01485 0.33737
348e-9 2.01812 0.33078
349e-9 2.02106 0.32413
350e-9 2.02335 0.31745
351e-9 2.02522 0.31082
352e-9 2.02678 0.30423
353e-9 2.02771 0.29778
354e-9 2.0284 0.2914
355e-9 2.02875 0.28515
356e-9 2.02871 0.27909
357e-9 2.02849 0.27314
358e-9 2.02795 0.26744
359e-9 2.02722 0.26198
360e-9 2.02635 0.25667
361e-9 2.02523 0.2518
362e-9 2.02405 0.2471
363e-9 2.02277 0.24264
364e-9 2.02143 0.23841
365e-9 2.02007 0.23428
366e-9 2.01872 0.23027
367e-9 2.0174 0.22632
368e-9 2.01609 0.22241
369e-9 2.01477 0.21857
370e-9 2.0134 0.21477
371e-9 2.01197 0.21102
372e-9 2.01039 0.20734
373e-9 2.00874 0.2037
374e-9 2.00697 0.20015
375e-9 2.00511 0.1967
376e-9 2.00321 0.19331
377e-9 2.00123 0.19009
378e-9 1.99924 0.18696
379e-9 1.99723 0.18394
380e-9 1.9952 0.1811
381e-9 1.99318 0.17833
382e-9 1.99115 0.17571
383e-9 1.98914 0.1732
384e-9 1.98714 0.17076
385e-9 1.98516 0.16847
386e-9 1.98319 0.16624
387e-9 1.98123 0.16407
388e-9 1.97928 0.16199
389e-9 1.97733 0.15993
390e-9 1.97537 0.15791
391e-9 1.9734 0.15593
392e-9 1.97142 0.15398
393e-9 1.96941 0.15208
394e-9 1.96736 0.15022
395e-9 1.96527 0.14839
396e-9 1.96312 0.14665
397e-9 1.96093 0.14496
398e-9 1.95871 0.14333
399e-9 1.95647 0.14182
400e-9 1.95424 0.14036
401e-9 1.95204 0.13906
402e-9 1.9499 0.13786
403e-9 1.94779 0.13676
404e-9 1.9458 0.13584
405e-9 1.94388 0.13498
406e-9 1.94207 0.13421
407e-9 1.94041 0.13351
408e-9 1.93884 0.13283
409e-9 1.93746 0.1322
410e-9 1.93622 0.13157
411e-9 1.93507 0.13094
412e-9 1.93408 0.13029
413e-9 1.93314 0.12962
414e-9 1.93226 0.12893
415e-9 1.93141 0.12818
416e-9 1.93056 0.1274
417e-9 1.9297 0.12656
418e-9 1.92881 0.1257
419e-9 1.92791 0.12481
420e-9 1.92698 0.12392
421e-9 1.92602 0.12304
422e-9 1.92504 0.12219
423e-9 1.92403 0.1214
424e-9 1.92299 0.12065
425e-9 1.92193 0.11998
426e-9 1.92087 0.11936
427e-9 1.91982 0.11879
428e-9 1.9188 0.11829
429e-9 1.91782 0.11783
430e-9 1.91688 0.11741
431e-9 1.91603 0.11706
432e-9 1.91522 0.11673
433e-9 1.91449 0.11643
434e-9 1.91382 0.11612
435e-9 1.9132 0.11582
436e-9 1.91264 0.11547
437e-9 1.91212 0.11509
438e-9 1.91163 0.11466
439e-9 1.91119 0.11414
440e-9 1.91076 0.11358
441e-9 1.91035 0.11296
442e-9 1.90993 0.11231
443e-9 1.90951 0.11165
444e-9 1.90906 0.11099
445e-9 1.90858 0.11035
446e-9 1.90807 0.10972
447e-9 1.90748 0.10916
448e-9 1.90686 0.10862
449e-9 1.9062 0.10813
450e-9 1.90552 0.10767
451e-9 1.90482 0.10723
452e-9 1.90411 0.10682
453e-9 1.90342 0.10643
454e-9 1.90274 0.10604
455e-9 1.9021 0.10566
456e-9 1.90148 0.10529
457e-9 1.90089 0.10492
458e-9 1.90033 0.10456
459e-9 1.8998 0.10421
460e-9 1.89929 0.10387
461e-9 1.8988 0.10354
462e-9 1.89832 0.10322
463e-9 1.89787 0.10293
464e-9 1.89742 0.10264
465e-9 1.89699 0.10237
466e-9 1.89657 0.10212
467e-9 1.89615 0.10186
468e-9 1.89574 0.10162
469e-9 1.89533 0.10137
470e-9 1.89493 0.10112
471e-9 1.89452 0.10087
472e-9 1.89412 0.1006
473e-9 1.89372 0.10033
474e-9 1.89332 0.10005
475e-9 1.89292 0.09976
476e-9 1.89253 0.09946
477e-9 1.89215 0.09915
478e-9 1.89178 0.09885
479e-9 1.89143 0.09854
480e-9 1.89109 0.09823
481e-9 1.89077 0.09792
482e-9 1.89048 0.09762
483e-9 1.8902 0.09732
484e-9 1.88994 0.09702
485e-9 1.88968 0.09672
486e-9 1.88942 0.09641
487e-9 1.88916 0.0961
488e-9 1.88888 0.09579
489e-9 1.88859 0.09547
490e-9 1.88826 0.09513
491e-9 1.88791 0.09479
492e-9 1.88752 0.09443
493e-9 1.8871 0.09407
494e-9 1.88667 0.09369
495e-9 1.8862 0.09331
496e-9 1.88574 0.09293
497e-9 1.88526 0.09254
498e-9 1.88479 0.09215
499e-9 1.88432 0.09177
500e-9 1.88387 0.09138
501e-9 1.88344 0.09101
502e-9 1.88302 0.09064
503e-9 1.88263 0.09028
504e-9 1.88225 0.08993
505e-9 1.88187 0.08958
506e-9 1.88149 0.08924
507e-9 1.8811 0.08891
508e-9 1.8807 0.08858
509e-9 1.88027 0.08827
510e-9 1.87982 0.08795
511e-9 1.87932 0.08765
512e-9 1.87878 0.08735
513e-9 1.87822 0.08706
514e-9 1.87759 0.08678
515e-9 1.87693 0.0865
516e-9 1.87624 0.08624
517e-9 1.8755 0.08599
518e-9 1.87475 0.08574
519e-9 1.87396 0.08552
520e-9 1.87314 0.08531
521e-9 1.8723 0.0851
522e-9 1.87143 0.08493
523e-9 1.87055 0.08477
524e-9 1.86965 0.08462
525e-9 1.86874 0.0845
526e-9 1.86781 0.08439
527e-9 1.86687 0.08431
528e-9 1.86593 0.08425
529e-9 1.86498 0.0842
530e-9 1.86402 0.0842
531e-9 1.86306 0.08421
532e-9 1.86211 0.08424
533e-9 1.86116 0.08431
534e-9 1.86021 0.08439
535e-9 1.85926 0.08451
536e-9 1.85833 0.08466
537e-9 1.85739 0.08483
538e-9 1.85647 0.08503
539e-9 1.85554 0.08526
540e-9 1.85462 0.08551
541e-9 1.8537 0.0858
542e-9 1.85278 0.0861
543e-9 1.85186 0.08643
544e-9 1.85094 0.08679
545e-9 1.85002 0.08717
546e-9 1.8491 0.08758
547e-9 1.84817 0.08802
548e-9 1.84725 0.08847
549e-9 1.84632 0.08896
550e-9 1.8454 0.08946
551e-9 1.84448 0.09
552e-9 1.84357 0.09056
553e-9 1.84267 0.09115
554e-9 1.84177 0.09176
555e-9 1.84089 0.09241
556e-9 1.84002 0.09307
557e-9 1.83916 0.09378
558e-9 1.83832 0.0945
559e-9 1.83749 0.09525
560e-9 1.83669 0.09603
561e-9 1.8359 0.09684
562e-9 1.83513 0.09767
563e-9 1.83438 0.09852
564e-9 1.83365 0.09939
565e-9 1.83295 0.10029
566e-9 1.83226 0.10121
567e-9 1.8316 0.10214
568e-9 1.83096 0.10309
569e-9 1.83034 0.10405
570e-9 1.82975 0.10502
571e-9 1.82918 0.10601
572e-9 1.82863 0.10701
573e-9 1.82812 0.10802
574e-9 1.82762 0.10904
575e-9 1.82714 0.11007
576e-9 1.82669 0.11111
577e-9 1.82625 0.11215
578e-9 1.82583 0.11321
579e-9 1.82544 0.11428
580e-9 1.82505 0.11535
581e-9 1.82468 0.11643
582e-9 1.82433 0.11751
583e-9 1.82398 0.11861
584e-9 1.82365 0.11971
585e-9 1.82333 0.12082
586e-9 1.82302 0.12193
587e-9 1.82272 0.12305
588e-9 1.82243 0.12418
589e-9 1.82215 0.12533
590e-9 1.82188 0.12649
591e-9 1.82161 0.12766
592e-9 1.82137 0.12886
593e-9 1.82112 0.13008
594e-9 1.82089 0.13131
595e-9 1.82067 0.13258
596e-9 1.82046 0.13386
597e-9 1.82026 0.13518
598e-9 1.82007 0.13653
599e-9 1.81989 0.1379
600e-9 1.81973 0.13932
601e-9 1.81957 0.14076
602e-9 1.81943 0.14224
603e-9 1.81933 0.14375
604e-9 1.81925 0.14529
605e-9 1.8192 0.14687
606e-9 1.8192 0.14848
607e-9 1.81922 0.1501
608e-9 1.81932 0.15178
609e-9 1.81946 0.15347
610e-9 1.81964 0.15519
611e-9 1.81991 0.15695
612e-9 1.82023 0.15873
613e-9 1.82062 0.16054
614e-9 1.8211 0.16238
615e-9 1.82163 0.16424
616e-9 1.82227 0.16612
617e-9 1.82297 0.16802
618e-9 1.82373 0.16992
619e-9 1.82461 0.17181
620e-9 1.82554 0.1737
621e-9 1.82654 0.17558
622e-9 1.82763 0.17742
623e-9 1.82877 0.17924
624e-9 1.83 0.18101
625e-9 1.8313 0.18274
626e-9 1.83264 0.18444
627e-9 1.83408 0.18604
628e-9 1.83557 0.1876
629e-9 1.83712 0.18909
630e-9 1.83875 0.19048
631e-9 1.84042 0.19182
632e-9 1.84216 0.19306
633e-9 1.84395 0.19421
634e-9 1.84577 0.19531
635e-9 1.84763 0.19629
636e-9 1.8495 0.19721
637e-9 1.8514 0.19807
638e-9 1.8533 0.19882
639e-9 1.85521 0.19952
640e-9 1.85711 0.20014
641e-9 1.85899 0.20067
642e-9 1.86086 0.20117
643e-9 1.8627 0.20156
644e-9 1.86451 0.2019
645e-9 1.86629 0.20219
646e-9 1.868 0.20238
647e-9 1.86968 0.20253
648e-9 1.8713 0.20261
649e-9 1.87286 0.20263
650e-9 1.87438 0.20261
651e-9 1.87582 0.20254
652e-9 1.8772 0.20245
653e-9 1.87855 0.20233
654e-9 1.87981 0.20218
655e-9 1.88102 0.20202
656e-9 1.88218 0.20186
657e-9 1.88327 0.20169
658e-9 1.88431 0.20154
659e-9 1.88528 0.20139
660e-9 1.88619 0.20127
661e-9 1.88705 0.20116
662e-9 1.88783 0.2011
663e-9 1.88856 0.20106
664e-9 1.88923 0.20106
665e-9 1.88982 0.20113
666e-9 1.89038 0.20123
667e-9 1.89087 0.20139
668e-9 1.89133 0.20162
669e-9 1.89176 0.2019
670e-9 1.89217 0.20226
671e-9 1.89257 0.2027
672e-9 1.89296 0.20318
673e-9 1.89337 0.20379
674e-9 1.89379 0.20445
675e-9 1.89423 0.2052
676e-9 1.89471 0.20606
677e-9 1.89522 0.20698
678e-9 1.8958 0.20803
679e-9 1.89643 0.20917
680e-9 1.8971 0.21038
681e-9 1.89789 0.21176
682e-9 1.89873 0.21321
683e-9 1.89966 0.21476
684e-9 1.90071 0.21645
685e-9 1.90182 0.21821
686e-9 1.90307 0.22008
687e-9 1.90444 0.22201
688e-9 1.90589 0.22399
689e-9 1.90753 0.22602
690e-9 1.90927 0.22807
691e-9 1.91112 0.23013
692e-9 1.91318 0.23219
693e-9 1.91533 0.23423
694e-9 1.91765 0.23625
695e-9 1.92016 0.23821
696e-9 1.92277 0.24014
697e-9 1.9256 0.24197
698e-9 1.92859 0.24373
699e-9 1.9317 0.24543
700e-9 1.93508 0.24696
701e-9 1.93858 0.24842
702e-9 1.94227 0.24975
703e-9 1.94618 0.25091
704e-9 1.95022 0.25198
705e-9 1.95447 0.25285
706e-9 1.95886 0.25356
707e-9 1.96335 0.25416
708e-9 1.96801 0.25451
709e-9 1.97273 0.25472
710e-9 1.97754 0.25478
711e-9 1.98243 0.25458
712e-9 1.98735 0.25425
713e-9 1.99232 0.25369
714e-9 1.99731 0.25292
715e-9 2.0023 0.25201
716e-9 2.00729 0.2508
717e-9 2.01226 0.24941
718e-9 2.01721 0.24785
719e-9 2.02209 0.24597
720e-9 2.02693 0.24393
721e-9 2.0317 0.24166
722e-9 2.03638 0.2391
723e-9 2.041 0.23638
724e-9 2.04549 0.23335
725e-9 2.04988 0.2301
726e-9 2.05419 0.2267
727e-9 2.05831 0.22297
728e-9 2.06234 0.21911
729e-9 2.06624 0.21509
730e-9 2.06996 0.21085
731e-9 2.07357 0.20652
732e-9 2.077 0.20202
733e-9 2.08025 0.1974
734e-9 2.0834 0.19269
735e-9 2.08628 0.18785
736e-9 2.08902 0.18294
737e-9 2.09161 0.17797
738e-9 2.09391 0.1729
739e-9 2.09608 0.1678
740e-9 2.09803 0.16266
741e-9 2.09972 0.15748
742e-9 2.10126 0.15228
743e-9 2.1025 0.14706
744e-9 2.10353 0.14185
745e-9 2.10439 0.13663
746e-9 2.10486 0.13144
747e-9 2.10517 0.12627
748e-9 2.10525 0.12112
749e-9 2.10504 0.11602
750e-9 2.1047 0.11095
751e-9 2.1041 0.10593
752e-9 2.10331 0.10098
753e-9 2.1024 0.09608
754e-9 2.10124 0.09127
755e-9 2.09997 0.08653
756e-9 2.09857 0.08185
757e-9 2.09697 0.07731
758e-9 2.09529 0.07284
759e-9 2.09349 0.06848
760e-9 2.09155 0.06425
761e-9 2.08955 0.06011
762e-9 2.08743 0.05613
763e-9 2.08524 0.05228
764e-9 2.083 0.04852
765e-9 2.08066 0.045
766e-9 2.07829 0.04159
767e-9 2.07587 0.03832
768e-9 2.0734 0.03528
769e-9 2.07092 0.03236
770e-9 2.0684 0.02965
771e-9 2.06587 0.02714
772e-9 2.06333 0.02474
773e-9 2.06077 0.02257
774e-9 2.05821 0.02054
775e-9 2.05565 0.01862
776e-9 2.05308 0.01691
777e-9 2.05052 0.01529
778e-9 2.04796 0.0138
779e-9 2.04541 0.01247
780e-9 2.04287 0.01121
781e-9 2.04036 0.01009
782e-9 2.03786 0.00907
783e-9 2.03537 0.00811
784e-9 2.03293 0.00729
785e-9 2.03051 0.00653
786e-9 2.02811 0.00584
787e-9 2.02577 0.00524
788e-9 2.02345 0.00469
789e-9 2.02118 0.0042
790e-9 2.01896 0.00377
791e-9 2.01678 0.00337
792e-9 2.01466 0.00302
793e-9 2.0126 0.0027
794e-9 2.01057 0.00241
795e-9 2.00864 0.00215
796e-9 2.00675 0.0019
797e-9 2.00491 0.00167
798e-9 2.00315 0.00147
799e-9 2.00142 0.00128
800e-9 1.99975 0.00111
