lambda n k
300e-9 2.00843 0.39856
301e-9 2.00899 0.39266
302e-9 2.00927 0.38682
303e-9 2.00944 0.381
304e-9 2.00944 0.37522
305e-9 2.00923 0.3695
306e-9 2.00891 0.36382
307e-9 2.00837 0.3582
308e-9 2.00767 0.35264
309e-9 2.00686 0.34713
310e-9 2.00578 0.34172
311e-9 2.00461 0.33637
312e-9 2.00327 0.33109
313e-9 2.00173 0.32593
314e-9 2.00009 0.32082
315e-9 1.99825 0.31584
316e-9 1.99625 0.31096
317e-9 1.99416 0.30615
318e-9 1.99184 0.30152
319e-9 1.98941 0.29698
320e-9 1.98686 0.29255
321e-9 1.98412 0.2883
322e-9 1.98129 0.28414
323e-9 1.97831 0.28016
324e-9 1.97519 0.27634
325e-9 1.972 0.27263
326e-9 1.96864 0.26916
327e-9 1.96519 0.26582
328e-9 1.96166 0.26263
329e-9 1.958 0.2597
330e-9 1.95429 0.25689
331e-9 1.95049 0.2543
332e-9 1.94661 0.25194
333e-9 1.9427 0.24971
334e-9 1.93871 0.24777
335e-9 1.9347 0.246
336e-9 1.93067 0.2444
337e-9 1.92661 0.24312
338e-9 1.92255 0.24197
339e-9 1.91849 0.24106
340e-9 1.91447 0.2404
341e-9 1.91046 0.23988
342e-9 1.90651 0.23966
343e-9 1.90262 0.23961
344e-9 1.89876 0.23972
345e-9 1.89504 0.24014
346e-9 1.89137 0.24067
347e-9 1.88781 0.24141
348e-9 1.8844 0.24236
349e-9 1.88106 0.24343
350e-9 1.8779 0.24472
351e-9 1.87488 0.24614
352e-9 1.87196 0.24767
353e-9 1.86929 0.2494
354e-9 1.86674 0.25121
355e-9 1.86435 0.25312
356e-9 1.86219 0.25515
357e-9 1.86015 0.25723
358e-9 1.85834 0.2594
359e-9 1.85672 0.26162
360e-9 1.85522 0.26386
361e-9 1.85401 0.26615
362e-9 1.85292 0.26843
363e-9 1.85201 0.27073
364e-9 1.85133 0.27299
365e-9 1.85076 0.27524
366e-9 1.8504 0.27744
367e-9 1.8502 0.27959
368e-9 1.85011 0.2817
369e-9 1.85023 0.2837
370e-9 1.85045 0.28563
371e-9 1.85079 0.28749
372e-9 1.85128 0.28922
373e-9 1.85183 0.29088
374e-9 1.8525 0.2924
375e-9 1.85326 0.29381
376e-9 1.85406 0.29514
377e-9 1.85496 0.29629
378e-9 1.85588 0.29735
379e-9 1.85685 0.2983
380e-9 1.85784 0.29909
381e-9 1.85884 0.29979
382e-9 1.85985 0.30035
383e-9 1.86085 0.30079
384e-9 1.86184 0.30115
385e-9 1.86278 0.30136
386e-9 1.8637 0.30148
387e-9 1.86458 0.30152
388e-9 1.86539 0.30143
389e-9 1.86615 0.30129
390e-9 1.86684 0.30105
391e-9 1.86744 0.30074
392e-9 1.86799 0.30038
393e-9 1.86843 0.29995
394e-9 1.86878 0.29948
395e-9 1.86907 0.29898
396e-9 1.86922 0.29844
397e-9 1.8693 0.29788
398e-9 1.86928 0.29731
399e-9 1.86914 0.29675
400e-9 1.86894 0.29618
401e-9 1.8686 0.29564
402e-9 1.86818 0.29512
403e-9 1.86769 0.29462
404e-9 1.86705 0.29418
405e-9 1.86636 0.29378
406e-9 1.86558 0.29344
407e-9 1.8647 0.29317
408e-9 1.86377 0.29295
409e-9 1.86274 0.29284
410e-9 1.86166 0.2928
411e-9 1.86053 0.29282
412e-9 1.85932 0.29299
413e-9 1.85808 0.29323
414e-9 1.8568 0.29356
415e-9 1.85547 0.29404
416e-9 1.85414 0.29458
417e-9 1.85277 0.29527
418e-9 1.8514 0.29608
419e-9 1.85003 0.29695
420e-9 1.84867 0.29802
421e-9 1.84731 0.29916
422e-9 1.84598 0.30041
423e-9 1.84469 0.30182
424e-9 1.84342 0.3033
425e-9 1.84221 0.30493
426e-9 1.84105 0.30666
427e-9 1.83993 0.30847
428e-9 1.83892 0.31044
429e-9 1.83796 0.31248
430e-9 1.83706 0.31461
431e-9 1.83629 0.31686
432e-9 1.83559 0.31917
433e-9 1.83499 0.32158
434e-9 1.83451 0.32407
435e-9 1.8341 0.3266
436e-9 1.83386 0.32923
437e-9 1.8337 0.3319
438e-9 1.83365 0.33462
439e-9 1.83377 0.33739
440e-9 1.83397 0.34019
441e-9 1.83431 0.34302
442e-9 1.8348 0.34587
443e-9 1.83538 0.34873
444e-9 1.83614 0.35161
445e-9 1.837 0.35447
446e-9 1.83797 0.35734
447e-9 1.83912 0.36018
448e-9 1.84036 0.363
449e-9 1.84173 0.3658
450e-9 1.84324 0.36855
451e-9 1.84484 0.37127
452e-9 1.84659 0.37392
453e-9 1.84844 0.37653
454e-9 1.85038 0.37909
455e-9 1.85247 0.38155
456e-9 1.85463 0.38396
457e-9 1.85688 0.3863
458e-9 1.85925 0.38853
459e-9 1.86167 0.39071
460e-9 1.8642 0.39277
461e-9 1.8668 0.39474
462e-9 1.86945 0.39665
463e-9 1.8722 0.3984
464e-9 1.87498 0.40009
465e-9 1.87781 0.40167
466e-9 1.8807 0.40312
467e-9 1.88362 0.40451
468e-9 1.88658 0.40575
469e-9 1.88956 0.40689
470e-9 1.89256 0.40797
471e-9 1.89558 0.40887
472e-9 1.8986 0.4097
473e-9 1.90163 0.41043
474e-9 1.90465 0.41102
475e-9 1.90767 0.41155
476e-9 1.91067 0.41195
477e-9 1.91364 0.41226
478e-9 1.91661 0.41249
479e-9 1.91952 0.41259
480e-9 1.92241 0.41262
481e-9 1.92526 0.41258
482e-9 1.92805 0.41242
483e-9 1.93081 0.41221
484e-9 1.93351 0.41191
485e-9 1.93615 0.41154
486e-9 1.93874 0.41112
487e-9 1.94125 0.41061
488e-9 1.9437 0.41006
489e-9 1.9461 0.40947
490e-9 1.9484 0.40881
491e-9 1.95065 0.40813
492e-9 1.95282 0.4074
493e-9 1.95491 0.40665
494e-9 1.95695 0.40587
495e-9 1.95888 0.40507
496e-9 1.96075 0.40426
497e-9 1.96256 0.40345
498e-9 1.96426 0.40263
499e-9 1.96592 0.40181
500e-9 1.96749 0.40101
501e-9 1.96899 0.40022
502e-9 1.97044 0.39944
503e-9 1.97181 0.3987
504e-9 1.97312 0.39798
505e-9 1.97439 0.39729
506e-9 1.97557 0.39666
507e-9 1.97672 0.39605
508e-9 1.97783 0.39549
509e-9 1.97888 0.395
510e-9 1.97991 0.39453
511e-9 1.98089 0.39414
512e-9 1.98186 0.39381
513e-9 1.9828 0.39351
514e-9 1.98372 0.39332
515e-9 1.98463 0.39316
516e-9 1.98554 0.39307
517e-9 1.98645 0.39306
518e-9 1.98737 0.39309
519e-9 1.9883 0.39321
520e-9 1.98925 0.39338
521e-9 1.99022 0.3936
522e-9 1.99123 0.39391
523e-9 1.99227 0.39427
524e-9 1.99335 0.39467
525e-9 1.99449 0.39515
526e-9 1.99566 0.39565
527e-9 1.9969 0.39621
528e-9 1.99821 0.39682
529e-9 1.99956 0.39745
530e-9 2.00102 0.39812
531e-9 2.00253 0.39882
532e-9 2.0041 0.39953
533e-9 2.00579 0.40027
534e-9 2.00753 0.40101
535e-9 2.00937 0.40175
536e-9 2.0113 0.40249
537e-9 2.01328 0.40323
538e-9 2.01539 0.40394
539e-9 2.01758 0.40462
540e-9 2.01982 0.40529
541e-9 2.0222 0.4059
542e-9 2.02463 0.40649
543e-9 2.02714 0.40702
544e-9 2.02975 0.40748
545e-9 2.03241 0.4079
546e-9 2.03517 0.40823
547e-9 2.03798 0.40848
548e-9 2.04085 0.40869
549e-9 2.04381 0.40876
550e-9 2.0468 0.40876
551e-9 2.04984 0.40868
552e-9 2.05293 0.40846
553e-9 2.05605 0.40818
554e-9 2.05921 0.40775
555e-9 2.06239 0.40722
556e-9 2.06558 0.40661
557e-9 2.06878 0.40582
558e-9 2.07198 0.40494
559e-9 2.07518 0.40395
560e-9 2.07835 0.40279
561e-9 2.08151 0.40156
562e-9 2.08462 0.40017
563e-9 2.08769 0.39866
564e-9 2.09073 0.39706
565e-9 2.09367 0.39528
566e-9 2.09656 0.39342
567e-9 2.09938 0.39145
568e-9 2.10208 0.38933
569e-9 2.1047 0.38714
570e-9 2.1072 0.38483
571e-9 2.10957 0.38241
572e-9 2.11185 0.37994
573e-9 2.11393 0.37734
574e-9 2.11588 0.37469
575e-9 2.11771 0.37199
576e-9 2.1193 0.36922
577e-9 2.12077 0.36642
578e-9 2.12204 0.36358
579e-9 2.12309 0.36074
580e-9 2.124 0.35791
581e-9 2.12464 0.35509
582e-9 2.12509 0.35232
583e-9 2.12539 0.34959
584e-9 2.12538 0.34697
585e-9 2.12522 0.34443
586e-9 2.12485 0.34201
587e-9 2.12423 0.33978
588e-9 2.12348 0.33765
589e-9 2.12248 0.33578
590e-9 2.12133 0.33412
591e-9 2.12006 0.33261
592e-9 2.11856 0.33152
593e-9 2.117 0.33063
594e-9 2.11533 0.33004
595e-9 2.11359 0.32987
596e-9 2.11181 0.32993
597e-9 2.11003 0.33044
598e-9 2.10829 0.33134
599e-9 2.10658 0.33248
600e-9 2.10505 0.33422
601e-9 2.10364 0.33624
602e-9 2.10239 0.33861
603e-9 2.10149 0.34148
604e-9 2.10079 0.34459
605e-9 2.10047 0.34811
606e-9 2.10057 0.35195
607e-9 2.10094 0.35599
608e-9 2.10198 0.3604
609e-9 2.10342 0.36494
610e-9 2.10528 0.36964
611e-9 2.10794 0.37447
612e-9 2.11098 0.37933
613e-9 2.11467 0.38421
614e-9 2.11904 0.38898
615e-9 2.12381 0.39369
616e-9 2.1294 0.39814
617e-9 2.13548 0.40235
618e-9 2.14198 0.40636
619e-9 2.14929 0.40982
620e-9 2.15691 0.41298
621e-9 2.16503 0.41569
622e-9 2.17364 0.41775
623e-9 2.18251 0.41945
624e-9 2.1918 0.4204
625e-9 2.20133 0.42074
626e-9 2.21102 0.42068
627e-9 2.22095 0.41958
628e-9 2.23093 0.41803
629e-9 2.24096 0.41586
630e-9 2.25095 0.41281
631e-9 2.26088 0.40932
632e-9 2.27067 0.40503
633e-9 2.28025 0.4001
634e-9 2.28968 0.39476
635e-9 2.2987 0.38853
636e-9 2.30745 0.3819
637e-9 2.31591 0.37482
638e-9 2.32379 0.36705
639e-9 2.33139 0.35899
640e-9 2.33847 0.35045
641e-9 2.345 0.34151
642e-9 2.35119 0.33234
643e-9 2.35665 0.32277
644e-9 2.36166 0.31301
645e-9 2.36626 0.30308
646e-9 2.37003 0.29292
647e-9 2.37345 0.2827
648e-9 2.3763 0.27239
649e-9 2.3785 0.26204
650e-9 2.38035 0.25169
651e-9 2.3815 0.24139
652e-9 2.3822 0.23117
653e-9 2.38255 0.221
654e-9 2.38217 0.21105
655e-9 2.3815 0.20122
656e-9 2.38041 0.19155
657e-9 2.37879 0.18217
658e-9 2.37693 0.17293
659e-9 2.37461 0.164
660e-9 2.37197 0.15534
661e-9 2.36912 0.14686
662e-9 2.36584 0.13881
663e-9 2.36238 0.13098
664e-9 2.35871 0.12341
665e-9 2.35475 0.11627
666e-9 2.35068 0.10934
667e-9 2.34643 0.10275
668e-9 2.34202 0.09651
669e-9 2.33754 0.09048
670e-9 2.33292 0.08487
671e-9 2.32824 0.0795
672e-9 2.32352 0.07436
673e-9 2.31874 0.06965
674e-9 2.31395 0.06511
675e-9 2.30914 0.06085
676e-9 2.30435 0.0569
677e-9 2.29956 0.05312
678e-9 2.29481 0.04965
679e-9 2.29011 0.04638
680e-9 2.28543 0.04326
681e-9 2.28084 0.04047
682e-9 2.27629 0.0378
683e-9 2.27181 0.03531
684e-9 2.26743 0.03304
685e-9 2.26309 0.03088
686e-9 2.25886 0.02891
687e-9 2.25471 0.02708
688e-9 2.25062 0.02534
689e-9 2.24667 0.02379
690e-9 2.24277 0.02232
691e-9 2.23895 0.02095
692e-9 2.23526 0.01971
693e-9 2.23163 0.01854
694e-9 2.22809 0.01746
695e-9 2.22465 0.01647
696e-9 2.22126 0.01553
697e-9 2.21799 0.01468
698e-9 2.21479 0.01389
699e-9 2.21164 0.01313
700e-9 2.20862 0.01246
701e-9 2.20564 0.01182
702e-9 2.20274 0.01122
703e-9 2.19992 0.01067
704e-9 2.19715 0.01015
705e-9 2.19446 0.00967
706e-9 2.19184 0.00922
707e-9 2.18926 0.00879
708e-9 2.18677 0.00841
709e-9 2.18431 0.00803
710e-9 2.18191 0.00768
711e-9 2.17958 0.00736
712e-9 2.17729 0.00705
713e-9 2.17505 0.00675
714e-9 2.17286 0.00648
715e-9 2.17071 0.00622
716e-9 2.16862 0.00597
717e-9 2.16656 0.00574
718e-9 2.16454 0.00551
719e-9 2.16257 0.00531
720e-9 2.16063 0.0051
721e-9 2.15873 0.00491
722e-9 2.15687 0.00473
723e-9 2.15504 0.00456
724e-9 2.15324 0.00439
725e-9 2.15148 0.00423
726e-9 2.14974 0.00408
727e-9 2.14805 0.00394
728e-9 2.14638 0.0038
729e-9 2.14473 0.00366
730e-9 2.14312 0.00354
731e-9 2.14153 0.00341
732e-9 2.13997 0.0033
733e-9 2.13844 0.00318
734e-9 2.13692 0.00308
735e-9 2.13544 0.00297
736e-9 2.13397 0.00287
737e-9 2.13253 0.00278
738e-9 2.13111 0.00269
739e-9 2.12971 0.0026
740e-9 2.12833 0.00251
741e-9 2.12698 0.00243
742e-9 2.12564 0.00235
743e-9 2.12432 0.00227
744e-9 2.12302 0.0022
745e-9 2.12173 0.00213
746e-9 2.12048 0.00206
747e-9 2.11923 0.002
748e-9 2.118 0.00193
749e-9 2.11679 0.00187
750e-9 2.11559 0.00181
751e-9 2.11441 0.00176
752e-9 2.11325 0.0017
753e-9 2.11209 0.00165
754e-9 2.11096 0.0016
755e-9 2.10984 0.00155
756e-9 2.10873 0.0015
757e-9 2.10764 0.00146
758e-9 2.10656 0.00141
759e-9 2.10549 0.00137
760e-9 2.10444 0.00133
761e-9 2.1034 0.00129
762e-9 2.10237 0.00125
763e-9 2.10136 0.00121
764e-9 2.10035 0.00118
765e-9 2.09936 0.00114
766e-9 2.09838 0.00111
767e-9 2.09741 0.00108
768e-9 2.09646 0.00105
769e-9 2.09551 0.00102
770e-9 2.09457 0.000987463
771e-9 2.09365 0.000959237
772e-9 2.09273 0.000931597
773e-9 2.09183 0.000905676
774e-9 2.09093 0.000880077
775e-9 2.09004 0.000854787
776e-9 2.08917 0.000831258
777e-9 2.0883 0.000808081
778e-9 2.08744 0.000785316
779e-9 2.08659 0.00076352
780e-9 2.08575 0.000742252
781e-9 2.08492 0.000722015
782e-9 2.0841 0.000702159
783e-9 2.08328 0.000682581
784e-9 2.08247 0.000664238
785e-9 2.08168 0.000646173
786e-9 2.08088 0.000628462
787e-9 2.0801 0.000611838
788e-9 2.07933 0.000595567
789e-9 2.07856 0.000579751
790e-9 2.0778 0.000564377
791e-9 2.07704 0.000549267
792e-9 2.0763 0.000534714
793e-9 2.07556 0.000520501
794e-9 2.07483 0.000506579
795e-9 2.0741 0.000493871
796e-9 2.07338 0.000481214
797e-9 2.07267 0.000468556
798e-9 2.07197 0.000456403
799e-9 2.07127 0.000444515
800e-9 2.07058 0.000433122
