lambda n k
300e-9 1.54252 0.13628
301e-9 1.53952 0.14087
302e-9 1.53673 0.14568
303e-9 1.53416 0.15073
304e-9 1.53185 0.15601
305e-9 1.52982 0.1615
306e-9 1.5281 0.1672
307e-9 1.52672 0.17309
308e-9 1.52573 0.17914
309e-9 1.52514 0.18533
310e-9 1.52499 0.19163
311e-9 1.5253 0.19799
312e-9 1.52609 0.20438
313e-9 1.52739 0.21072
314e-9 1.5292 0.21698
315e-9 1.53153 0.22309
316e-9 1.53437 0.22897
317e-9 1.53768 0.23458
318e-9 1.54146 0.23984
319e-9 1.54565 0.2447
320e-9 1.5502 0.24909
321e-9 1.55505 0.25296
322e-9 1.56013 0.2563
323e-9 1.56536 0.25905
324e-9 1.57064 0.26124
325e-9 1.57592 0.26284
326e-9 1.5811 0.26388
327e-9 1.5861 0.26439
328e-9 1.59085 0.26441
329e-9 1.59531 0.26398
330e-9 1.5994 0.26319
331e-9 1.60309 0.26208
332e-9 1.60636 0.26073
333e-9 1.60919 0.25921
334e-9 1.61157 0.25758
335e-9 1.6135 0.25593
336e-9 1.61499 0.25431
337e-9 1.61607 0.25278
338e-9 1.61677 0.2514
339e-9 1.6171 0.25023
340e-9 1.61712 0.24931
341e-9 1.61686 0.24867
342e-9 1.61638 0.24836
343e-9 1.61571 0.2484
344e-9 1.61492 0.24882
345e-9 1.61405 0.24965
346e-9 1.61315 0.25088
347e-9 1.6123 0.25253
348e-9 1.61155 0.2546
349e-9 1.61095 0.25708
350e-9 1.61058 0.25997
351e-9 1.6105 0.26323
352e-9 1.61077 0.26685
353e-9 1.61144 0.27077
354e-9 1.61259 0.27495
355e-9 1.61426 0.27932
356e-9 1.61649 0.28382
357e-9 1.61932 0.28835
358e-9 1.62279 0.29283
359e-9 1.62686 0.29715
360e-9 1.63158 0.30121
361e-9 1.63688 0.30492
362e-9 1.64271 0.30815
363e-9 1.64901 0.31084
364e-9 1.65568 0.31288
365e-9 1.66262 0.31422
366e-9 1.66972 0.31481
367e-9 1.67683 0.31464
368e-9 1.68384 0.31371
369e-9 1.69062 0.31204
370e-9 1.69704 0.30969
371e-9 1.703 0.30675
372e-9 1.70842 0.30329
373e-9 1.71321 0.29941
374e-9 1.71733 0.29524
375e-9 1.72074 0.29087
376e-9 1.72343 0.28645
377e-9 1.72539 0.28207
378e-9 1.72664 0.27785
379e-9 1.72722 0.27391
380e-9 1.72715 0.27035
381e-9 1.7265 0.26728
382e-9 1.72533 0.2648
383e-9 1.72372 0.263
384e-9 1.72175 0.26199
385e-9 1.71954 0.26184
386e-9 1.7172 0.26268
387e-9 1.71489 0.26458
388e-9 1.71279 0.26762
389e-9 1.71113 0.27188
390e-9 1.71018 0.27738
391e-9 1.71024 0.28411
392e-9 1.7117 0.29201
393e-9 1.71495 0.30085
394e-9 1.72036 0.31033
395e-9 1.72832 0.31996
396e-9 1.73909 0.32908
397e-9 1.75269 0.33689
398e-9 1.76886 0.34255
399e-9 1.78705 0.34526
400e-9 1.80641 0.34441
401e-9 1.8259 0.33971
402e-9 1.84442 0.33136
403e-9 1.86107 0.31984
404e-9 1.87521 0.30592
405e-9 1.8865 0.29041
406e-9 1.89491 0.27414
407e-9 1.90065 0.25778
408e-9 1.90402 0.24184
409e-9 1.90542 0.22667
410e-9 1.90522 0.21248
411e-9 1.90376 0.19935
412e-9 1.90138 0.18731
413e-9 1.89829 0.17634
414e-9 1.89471 0.16635
415e-9 1.8908 0.15728
416e-9 1.88667 0.14904
417e-9 1.88241 0.14156
418e-9 1.87811 0.13475
419e-9 1.8738 0.12854
420e-9 1.86953 0.12287
421e-9 1.86531 0.11768
422e-9 1.86119 0.11292
423e-9 1.85716 0.10854
424e-9 1.85323 0.1045
425e-9 1.8494 0.10077
426e-9 1.84568 0.0973
427e-9 1.84207 0.09409
428e-9 1.83858 0.0911
429e-9 1.83519 0.0883
430e-9 1.83189 0.08569
431e-9 1.82871 0.08324
432e-9 1.82562 0.08094
433e-9 1.82262 0.07878
434e-9 1.81972 0.07674
435e-9 1.8169 0.07481
436e-9 1.81417 0.073
437e-9 1.81151 0.07128
438e-9 1.80893 0.06964
439e-9 1.80643 0.06808
440e-9 1.804 0.06661
441e-9 1.80162 0.0652
442e-9 1.79932 0.06386
443e-9 1.79708 0.06258
444e-9 1.79489 0.06136
445e-9 1.79277 0.06019
446e-9 1.79071 0.05907
447e-9 1.78868 0.05798
448e-9 1.78671 0.05695
449e-9 1.7848 0.05596
450e-9 1.78292 0.05501
451e-9 1.78109 0.05409
452e-9 1.77931 0.05321
453e-9 1.77756 0.05235
454e-9 1.77586 0.05154
455e-9 1.77419 0.05074
456e-9 1.77255 0.04998
457e-9 1.77096 0.04924
458e-9 1.7694 0.04852
459e-9 1.76787 0.04783
460e-9 1.76637 0.04716
461e-9 1.76491 0.0465
462e-9 1.76347 0.04588
463e-9 1.76206 0.04527
464e-9 1.76069 0.04467
465e-9 1.75933 0.0441
466e-9 1.75801 0.04354
467e-9 1.75671 0.043
468e-9 1.75543 0.04247
469e-9 1.75418 0.04196
470e-9 1.75294 0.04146
471e-9 1.75173 0.04097
472e-9 1.75055 0.0405
473e-9 1.74939 0.04003
474e-9 1.74824 0.03958
475e-9 1.74712 0.03915
476e-9 1.74601 0.03872
477e-9 1.74492 0.0383
478e-9 1.74385 0.0379
479e-9 1.7428 0.0375
480e-9 1.74176 0.03711
481e-9 1.74075 0.03673
482e-9 1.73975 0.03636
483e-9 1.73876 0.036
484e-9 1.73779 0.03565
485e-9 1.73684 0.0353
486e-9 1.7359 0.03496
487e-9 1.73497 0.03463
488e-9 1.73406 0.03431
489e-9 1.73316 0.03399
490e-9 1.73228 0.03368
491e-9 1.7314 0.03338
492e-9 1.73055 0.03308
493e-9 1.7297 0.03278
494e-9 1.72886 0.03249
495e-9 1.72804 0.03222
496e-9 1.72723 0.03194
497e-9 1.72643 0.03167
498e-9 1.72564 0.03141
499e-9 1.72487 0.03115
500e-9 1.7241 0.03089
501e-9 1.72333 0.03064
502e-9 1.72259 0.0304
503e-9 1.72185 0.03016
504e-9 1.72113 0.02992
505e-9 1.72041 0.02969
506e-9 1.7197 0.02946
507e-9 1.719 0.02923
508e-9 1.7183 0.02902
509e-9 1.71762 0.02879
510e-9 1.71695 0.02858
511e-9 1.71628 0.02838
512e-9 1.71563 0.02817
513e-9 1.71498 0.02796
514e-9 1.71434 0.02776
515e-9 1.7137 0.02757
516e-9 1.71308 0.02738
517e-9 1.71246 0.02718
518e-9 1.71185 0.027
519e-9 1.71124 0.02682
520e-9 1.71064 0.02663
521e-9 1.71006 0.02645
522e-9 1.70948 0.02628
523e-9 1.7089 0.02611
524e-9 1.70833 0.02593
525e-9 1.70776 0.02577
526e-9 1.70721 0.0256
527e-9 1.70666 0.02544
528e-9 1.70612 0.02528
529e-9 1.70557 0.02512
530e-9 1.70504 0.02496
531e-9 1.70452 0.02481
532e-9 1.70399 0.02466
533e-9 1.70347 0.02451
534e-9 1.70296 0.02436
535e-9 1.70246 0.02421
536e-9 1.70196 0.02407
537e-9 1.70147 0.02393
538e-9 1.70098 0.02379
539e-9 1.70049 0.02365
540e-9 1.70002 0.02351
541e-9 1.69954 0.02338
542e-9 1.69907 0.02325
543e-9 1.6986 0.02311
544e-9 1.69814 0.02299
545e-9 1.69769 0.02286
546e-9 1.69724 0.02274
547e-9 1.69679 0.02261
548e-9 1.69635 0.02249
549e-9 1.69591 0.02236
550e-9 1.69548 0.02225
551e-9 1.69505 0.02213
552e-9 1.69463 0.02201
553e-9 1.69421 0.0219
554e-9 1.69378 0.02178
555e-9 1.69337 0.02167
556e-9 1.69296 0.02155
557e-9 1.69256 0.02145
558e-9 1.69215 0.02134
559e-9 1.69176 0.02123
560e-9 1.69136 0.02112
561e-9 1.69097 0.02102
562e-9 1.69058 0.02091
563e-9 1.6902 0.02081
564e-9 1.68982 0.02071
565e-9 1.68944 0.02061
566e-9 1.68907 0.02051
567e-9 1.6887 0.02041
568e-9 1.68833 0.02031
569e-9 1.68797 0.02022
570e-9 1.68761 0.02012
571e-9 1.68725 0.02003
572e-9 1.6869 0.01994
573e-9 1.68655 0.01985
574e-9 1.6862 0.01975
575e-9 1.68586 0.01966
576e-9 1.68552 0.01957
577e-9 1.68518 0.01949
578e-9 1.68484 0.0194
579e-9 1.6845 0.01931
580e-9 1.68417 0.01923
581e-9 1.68385 0.01914
582e-9 1.68352 0.01906
583e-9 1.6832 0.01898
584e-9 1.68288 0.01889
585e-9 1.68256 0.01881
586e-9 1.68225 0.01873
587e-9 1.68194 0.01865
588e-9 1.68163 0.01857
589e-9 1.68132 0.0185
590e-9 1.68102 0.01842
591e-9 1.68072 0.01834
592e-9 1.68041 0.01826
593e-9 1.68012 0.01819
594e-9 1.67983 0.01812
595e-9 1.67953 0.01804
596e-9 1.67924 0.01796
597e-9 1.67896 0.01789
598e-9 1.67867 0.01782
599e-9 1.67839 0.01775
600e-9 1.67811 0.01768
601e-9 1.67783 0.01761
602e-9 1.67755 0.01754
603e-9 1.67727 0.01747
604e-9 1.67701 0.0174
605e-9 1.67673 0.01734
606e-9 1.67647 0.01727
607e-9 1.6762 0.01721
608e-9 1.67593 0.01714
609e-9 1.67567 0.01707
610e-9 1.67542 0.01701
611e-9 1.67515 0.01695
612e-9 1.67489 0.01688
613e-9 1.67465 0.01682
614e-9 1.67439 0.01675
615e-9 1.67414 0.0167
616e-9 1.67389 0.01663
617e-9 1.67364 0.01657
618e-9 1.6734 0.01652
619e-9 1.67315 0.01645
620e-9 1.67291 0.01639
621e-9 1.67267 0.01633
622e-9 1.67244 0.01628
623e-9 1.6722 0.01622
624e-9 1.67196 0.01616
625e-9 1.67172 0.0161
626e-9 1.67149 0.01605
627e-9 1.67127 0.01599
628e-9 1.67104 0.01594
629e-9 1.67081 0.01588
630e-9 1.67059 0.01582
631e-9 1.67036 0.01577
632e-9 1.67014 0.01572
633e-9 1.66992 0.01566
634e-9 1.6697 0.01561
635e-9 1.66948 0.01556
636e-9 1.66926 0.01551
637e-9 1.66905 0.01545
638e-9 1.66884 0.0154
639e-9 1.66863 0.01535
640e-9 1.66842 0.0153
641e-9 1.66821 0.01526
642e-9 1.668 0.01521
643e-9 1.66779 0.01516
644e-9 1.66759 0.01511
645e-9 1.66738 0.01506
646e-9 1.66718 0.01501
647e-9 1.66698 0.01496
648e-9 1.66679 0.01492
649e-9 1.66658 0.01487
650e-9 1.66639 0.01482
651e-9 1.6662 0.01477
652e-9 1.666 0.01472
653e-9 1.66581 0.01468
654e-9 1.66561 0.01463
655e-9 1.66542 0.01459
656e-9 1.66523 0.01455
657e-9 1.66505 0.0145
658e-9 1.66486 0.01445
659e-9 1.66467 0.01441
660e-9 1.66449 0.01437
661e-9 1.6643 0.01432
662e-9 1.66413 0.01428
663e-9 1.66394 0.01424
664e-9 1.66376 0.0142
665e-9 1.66358 0.01415
666e-9 1.66341 0.01411
667e-9 1.66323 0.01407
668e-9 1.66305 0.01402
669e-9 1.66288 0.01399
670e-9 1.6627 0.01394
671e-9 1.66254 0.01391
672e-9 1.66236 0.01386
673e-9 1.66219 0.01382
674e-9 1.66202 0.01378
675e-9 1.66186 0.01375
676e-9 1.66169 0.01371
677e-9 1.66153 0.01367
678e-9 1.66136 0.01363
679e-9 1.6612 0.01359
680e-9 1.66103 0.01355
681e-9 1.66087 0.01352
682e-9 1.66071 0.01348
683e-9 1.66054 0.01344
684e-9 1.66039 0.0134
685e-9 1.66023 0.01336
686e-9 1.66007 0.01333
687e-9 1.65992 0.01329
688e-9 1.65976 0.01325
689e-9 1.65961 0.01322
690e-9 1.65945 0.01318
691e-9 1.6593 0.01315
692e-9 1.65914 0.01311
693e-9 1.659 0.01308
694e-9 1.65885 0.01304
695e-9 1.65869 0.013
696e-9 1.65855 0.01297
697e-9 1.6584 0.01294
698e-9 1.65826 0.0129
699e-9 1.65811 0.01287
700e-9 1.65797 0.01284
701e-9 1.65782 0.0128
702e-9 1.65768 0.01277
703e-9 1.65754 0.01273
704e-9 1.6574 0.0127
705e-9 1.65725 0.01267
706e-9 1.65711 0.01263
707e-9 1.65697 0.0126
708e-9 1.65683 0.01257
709e-9 1.6567 0.01254
710e-9 1.65656 0.01251
711e-9 1.65642 0.01248
712e-9 1.65629 0.01244
713e-9 1.65615 0.01241
714e-9 1.65602 0.01238
715e-9 1.65589 0.01235
716e-9 1.65575 0.01232
717e-9 1.65562 0.01229
718e-9 1.65549 0.01226
719e-9 1.65536 0.01223
720e-9 1.65523 0.0122
721e-9 1.6551 0.01217
722e-9 1.65497 0.01214
723e-9 1.65484 0.01211
724e-9 1.65472 0.01208
725e-9 1.65459 0.01205
726e-9 1.65447 0.01202
727e-9 1.65434 0.01199
728e-9 1.65422 0.01197
729e-9 1.6541 0.01194
730e-9 1.65397 0.01191
731e-9 1.65385 0.01188
732e-9 1.65373 0.01185
733e-9 1.65361 0.01182
734e-9 1.65348 0.0118
735e-9 1.65336 0.01177
736e-9 1.65325 0.01174
737e-9 1.65313 0.01171
738e-9 1.65301 0.01168
739e-9 1.65289 0.01166
740e-9 1.65278 0.01163
741e-9 1.65266 0.0116
742e-9 1.65254 0.01158
743e-9 1.65243 0.01156
744e-9 1.65231 0.01153
745e-9 1.6522 0.0115
746e-9 1.65209 0.01147
747e-9 1.65198 0.01145
748e-9 1.65186 0.01142
749e-9 1.65175 0.01139
750e-9 1.65164 0.01137
751e-9 1.65154 0.01134
752e-9 1.65143 0.01132
753e-9 1.65131 0.0113
754e-9 1.6512 0.01127
755e-9 1.6511 0.01124
756e-9 1.65099 0.01122
757e-9 1.65089 0.01119
758e-9 1.65078 0.01117
759e-9 1.65067 0.01115
760e-9 1.65056 0.01112
761e-9 1.65046 0.01109
762e-9 1.65035 0.01107
763e-9 1.65025 0.01105
764e-9 1.65014 0.01103
765e-9 1.65005 0.011
766e-9 1.64995 0.01097
767e-9 1.64984 0.01095
768e-9 1.64974 0.01093
769e-9 1.64964 0.01091
770e-9 1.64954 0.01088
771e-9 1.64944 0.01086
772e-9 1.64934 0.01084
773e-9 1.64924 0.01082
774e-9 1.64914 0.01079
775e-9 1.64905 0.01077
776e-9 1.64895 0.01075
777e-9 1.64885 0.01072
778e-9 1.64876 0.0107
779e-9 1.64866 0.01068
780e-9 1.64856 0.01066
781e-9 1.64847 0.01063
782e-9 1.64837 0.01061
783e-9 1.64828 0.01059
784e-9 1.64818 0.01057
785e-9 1.64809 0.01055
786e-9 1.648 0.01052
787e-9 1.64791 0.01051
788e-9 1.64781 0.01048
789e-9 1.64772 0.01047
790e-9 1.64763 0.01044
791e-9 1.64754 0.01042
792e-9 1.64745 0.0104
793e-9 1.64736 0.01038
794e-9 1.64727 0.01036
795e-9 1.64718 0.01034
796e-9 1.64709 0.01032
797e-9 1.64701 0.0103
798e-9 1.64692 0.01027
799e-9 1.64683 0.01026
800e-9 1.64674 0.01023
801e-9 1.64666 0.01021
802e-9 1.64657 0.0102
803e-9 1.64648 0.01017
804e-9 1.6464 0.01016
805e-9 1.64631 0.01014
806e-9 1.64623 0.01012
807e-9 1.64614 0.0101
808e-9 1.64606 0.01008
809e-9 1.64598 0.01006
810e-9 1.6459 0.01004
811e-9 1.64581 0.01002
812e-9 1.64573 0.01
813e-9 1.64565 0.00998
814e-9 1.64556 0.00996
815e-9 1.64549 0.00995
816e-9 1.6454 0.00992
817e-9 1.64532 0.00991
818e-9 1.64524 0.00989
819e-9 1.64517 0.00987
820e-9 1.64508 0.00985
821e-9 1.64501 0.00983
822e-9 1.64493 0.00981
823e-9 1.64485 0.0098
824e-9 1.64477 0.00977
825e-9 1.64469 0.00976
826e-9 1.64461 0.00974
827e-9 1.64454 0.00972
828e-9 1.64446 0.0097
829e-9 1.64438 0.00969
830e-9 1.64431 0.00967
831e-9 1.64424 0.00965
832e-9 1.64416 0.00963
833e-9 1.64408 0.00962
834e-9 1.64401 0.0096
835e-9 1.64394 0.00958
836e-9 1.64386 0.00957
837e-9 1.64378 0.00955
838e-9 1.64371 0.00953
839e-9 1.64364 0.00951
840e-9 1.64357 0.00949
841e-9 1.6435 0.00948
842e-9 1.64342 0.00946
843e-9 1.64335 0.00945
844e-9 1.64327 0.00943
845e-9 1.6432 0.00941
846e-9 1.64313 0.00939
847e-9 1.64306 0.00938
848e-9 1.64299 0.00936
849e-9 1.64292 0.00934
850e-9 1.64285 0.00933
851e-9 1.64278 0.00931
852e-9 1.64271 0.00929
853e-9 1.64264 0.00928
854e-9 1.64258 0.00926
855e-9 1.64251 0.00925
856e-9 1.64244 0.00923
857e-9 1.64238 0.00922
858e-9 1.64231 0.0092
859e-9 1.64224 0.00918
860e-9 1.64217 0.00917
861e-9 1.6421 0.00915
862e-9 1.64203 0.00913
863e-9 1.64197 0.00912
864e-9 1.64191 0.00911
865e-9 1.64184 0.00909
866e-9 1.64177 0.00907
867e-9 1.64171 0.00906
868e-9 1.64165 0.00904
869e-9 1.64158 0.00903
870e-9 1.64152 0.00902
871e-9 1.64145 0.009
872e-9 1.64139 0.00898
873e-9 1.64133 0.00897
874e-9 1.64126 0.00895
875e-9 1.6412 0.00894
876e-9 1.64114 0.00893
877e-9 1.64107 0.00891
878e-9 1.64101 0.00889
879e-9 1.64095 0.00888
880e-9 1.64089 0.00886
881e-9 1.64083 0.00885
882e-9 1.64077 0.00884
883e-9 1.6407 0.00882
884e-9 1.64064 0.00881
885e-9 1.64058 0.00879
886e-9 1.64052 0.00878
887e-9 1.64046 0.00876
888e-9 1.6404 0.00875
889e-9 1.64034 0.00874
890e-9 1.64029 0.00872
891e-9 1.64023 0.0087
892e-9 1.64017 0.00869
893e-9 1.6401 0.00868
894e-9 1.64005 0.00866
895e-9 1.63999 0.00865
896e-9 1.63993 0.00864
897e-9 1.63988 0.00863
898e-9 1.63982 0.00861
899e-9 1.63976 0.00859
900e-9 1.6397 0.00858
901e-9 1.63964 0.00857
902e-9 1.63959 0.00855
903e-9 1.63953 0.00854
904e-9 1.63948 0.00853
905e-9 1.63942 0.00852
906e-9 1.63937 0.0085
907e-9 1.63931 0.00849
908e-9 1.63925 0.00847
909e-9 1.6392 0.00846
910e-9 1.63915 0.00845
911e-9 1.63909 0.00843
912e-9 1.63904 0.00842
913e-9 1.63898 0.00841
914e-9 1.63893 0.0084
915e-9 1.63887 0.00838
916e-9 1.63882 0.00837
917e-9 1.63876 0.00836
918e-9 1.63871 0.00835
919e-9 1.63866 0.00834
920e-9 1.6386 0.00832
921e-9 1.63855 0.0083
922e-9 1.63851 0.00829
923e-9 1.63845 0.00828
924e-9 1.6384 0.00827
925e-9 1.63835 0.00826
926e-9 1.63829 0.00824
927e-9 1.63824 0.00823
928e-9 1.63819 0.00822
929e-9 1.63814 0.00821
930e-9 1.63809 0.0082
931e-9 1.63804 0.00819
932e-9 1.63799 0.00817
933e-9 1.63794 0.00816
934e-9 1.63788 0.00815
935e-9 1.63784 0.00813
936e-9 1.63779 0.00812
937e-9 1.63774 0.00811
938e-9 1.63769 0.00809
939e-9 1.63764 0.00808
940e-9 1.63759 0.00807
941e-9 1.63754 0.00806
942e-9 1.63749 0.00805
943e-9 1.63744 0.00804
944e-9 1.6374 0.00803
945e-9 1.63735 0.00801
946e-9 1.6373 0.008
947e-9 1.63725 0.00799
948e-9 1.6372 0.00798
949e-9 1.63715 0.00797
950e-9 1.63711 0.00796
951e-9 1.63706 0.00795
952e-9 1.63702 0.00794
953e-9 1.63697 0.00793
954e-9 1.63692 0.00791
955e-9 1.63687 0.0079
956e-9 1.63683 0.00789
957e-9 1.63678 0.00788
958e-9 1.63674 0.00787
959e-9 1.6367 0.00786
960e-9 1.63665 0.00785
961e-9 1.6366 0.00784
962e-9 1.63656 0.00783
963e-9 1.63651 0.00782
964e-9 1.63647 0.0078
965e-9 1.63642 0.00779
966e-9 1.63637 0.00778
967e-9 1.63633 0.00777
968e-9 1.63629 0.00776
969e-9 1.63624 0.00775
970e-9 1.6362 0.00774
971e-9 1.63616 0.00773
972e-9 1.63611 0.00772
973e-9 1.63607 0.00771
974e-9 1.63603 0.0077
975e-9 1.63598 0.00769
976e-9 1.63593 0.00768
977e-9 1.63589 0.00767
978e-9 1.63585 0.00765
979e-9 1.63581 0.00764
980e-9 1.63576 0.00763
981e-9 1.63572 0.00762
982e-9 1.63568 0.00761
983e-9 1.63564 0.0076
984e-9 1.6356 0.00759
985e-9 1.63556 0.00758
986e-9 1.63551 0.00757
987e-9 1.63547 0.00756
988e-9 1.63543 0.00755
989e-9 1.63539 0.00754
990e-9 1.63535 0.00753
991e-9 1.63531 0.00752
992e-9 1.63527 0.00751
993e-9 1.63523 0.0075
994e-9 1.63519 0.00749
995e-9 1.63514 0.00748
996e-9 1.6351 0.00747
997e-9 1.63506 0.00746
998e-9 1.63502 0.00745
999e-9 1.63498 0.00744
1000e-9 1.63495 0.00743
1001e-9 1.63491 0.00742
1002e-9 1.63487 0.00741
1003e-9 1.63483 0.0074
1004e-9 1.63479 0.00739
1005e-9 1.63475 0.00738
1006e-9 1.63471 0.00737
1007e-9 1.63467 0.00736
1008e-9 1.63463 0.00735
1009e-9 1.63459 0.00734
1010e-9 1.63456 0.00733
1011e-9 1.63452 0.00732
1012e-9 1.63448 0.00731
1013e-9 1.63444 0.0073
1014e-9 1.6344 0.00729
1015e-9 1.63437 0.00728
1016e-9 1.63433 0.00727
1017e-9 1.63429 0.00726
1018e-9 1.63425 0.00725
1019e-9 1.63422 0.00724
1020e-9 1.63418 0.00723
1021e-9 1.63414 0.00722
1022e-9 1.63411 0.00722
1023e-9 1.63407 0.00721
1024e-9 1.63404 0.0072
1025e-9 1.634 0.00719
1026e-9 1.63396 0.00718
1027e-9 1.63392 0.00717
1028e-9 1.63389 0.00716
1029e-9 1.63385 0.00715
1030e-9 1.63382 0.00714
1031e-9 1.63378 0.00713
1032e-9 1.63374 0.00713
1033e-9 1.63371 0.00712
1034e-9 1.63367 0.00711
1035e-9 1.63364 0.0071
1036e-9 1.6336 0.00709
1037e-9 1.63357 0.00708
1038e-9 1.63353 0.00707
1039e-9 1.6335 0.00706
1040e-9 1.63346 0.00705
1041e-9 1.63343 0.00704
1042e-9 1.63339 0.00703
1043e-9 1.63336 0.00703
1044e-9 1.63332 0.00702
1045e-9 1.63329 0.00701
1046e-9 1.63325 0.007
1047e-9 1.63322 0.007
1048e-9 1.63319 0.00699
1049e-9 1.63316 0.00698
1050e-9 1.63312 0.00697
1051e-9 1.63308 0.00696
1052e-9 1.63305 0.00695
1053e-9 1.63302 0.00694
1054e-9 1.63299 0.00693
1055e-9 1.63296 0.00692
1056e-9 1.63292 0.00691
1057e-9 1.63289 0.0069
1058e-9 1.63285 0.00689
1059e-9 1.63282 0.00689
1060e-9 1.63279 0.00688
1061e-9 1.63276 0.00687
1062e-9 1.63273 0.00687
1063e-9 1.6327 0.00686
1064e-9 1.63266 0.00685
1065e-9 1.63263 0.00684
1066e-9 1.63259 0.00683
1067e-9 1.63256 0.00682
1068e-9 1.63253 0.00682
1069e-9 1.6325 0.00681
1070e-9 1.63247 0.0068
1071e-9 1.63244 0.00679
1072e-9 1.63241 0.00678
1073e-9 1.63238 0.00677
1074e-9 1.63234 0.00676
1075e-9 1.63231 0.00675
1076e-9 1.63228 0.00675
1077e-9 1.63225 0.00674
1078e-9 1.63222 0.00674
1079e-9 1.63219 0.00673
1080e-9 1.63216 0.00672
1081e-9 1.63213 0.00671
1082e-9 1.63209 0.0067
1083e-9 1.63206 0.00669
1084e-9 1.63203 0.00669
1085e-9 1.632 0.00668
1086e-9 1.63197 0.00667
1087e-9 1.63194 0.00666
1088e-9 1.63191 0.00665
1089e-9 1.63188 0.00664
1090e-9 1.63185 0.00664
1091e-9 1.63182 0.00663
1092e-9 1.63179 0.00663
1093e-9 1.63176 0.00662
1094e-9 1.63173 0.00661
1095e-9 1.6317 0.0066
1096e-9 1.63167 0.00659
1097e-9 1.63165 0.00659
1098e-9 1.63162 0.00658
1099e-9 1.6316 0.00657
1100e-9 1.63157 0.00656
