lambda n k
300e-9 1.75 0.1888075
301e-9 1.75 0.186179
302e-9 1.75 0.1835085
303e-9 1.75 0.180866
304e-9 1.75 0.178395
305e-9 1.75 0.176253
306e-9 1.74 0.1740165
307e-9 1.74 0.1718395
308e-9 1.74 0.16975
309e-9 1.74 0.1680945
310e-9 1.73 0.16639
311e-9 1.73 0.1646505
312e-9 1.73 0.1631035
313e-9 1.725 0.161462
314e-9 1.72 0.159866
315e-9 1.72 0.160181
316e-9 1.72 0.1604575
317e-9 1.72 0.1606955
318e-9 1.71 0.1610665
319e-9 1.71 0.1614375
320e-9 1.71 0.161798
321e-9 1.71 0.162246
322e-9 1.7 0.162645
323e-9 1.7 0.1628795
324e-9 1.7 0.1637545
325e-9 1.7 0.164969
326e-9 1.7 0.1668065
327e-9 1.7 0.168588
328e-9 1.7 0.170289
329e-9 1.7 0.1718745
330e-9 1.7 0.1734355
331e-9 1.7 0.1750945
332e-9 1.7 0.176722
333e-9 1.7 0.1783075
334e-9 1.7 0.1797075
335e-9 1.71 0.1810375
336e-9 1.71 0.1810655
337e-9 1.71 0.18095
338e-9 1.72 0.180425
339e-9 1.72 0.1799175
340e-9 1.72 0.179424
341e-9 1.73 0.1778665
342e-9 1.73 0.1759275
343e-9 1.73 0.173614
344e-9 1.73 0.1712095
345e-9 1.73 0.1683325
346e-9 1.74 0.165354
347e-9 1.74 0.162148
348e-9 1.74 0.15904
349e-9 1.74 0.1560545
350e-9 1.74 0.1527155
351e-9 1.74 0.149128
352e-9 1.74 0.1456175
353e-9 1.74 0.144454
354e-9 1.74 0.1457827
355e-9 1.74 0.1466898
356e-9 1.73 0.147594
357e-9 1.73 0.1486076
358e-9 1.73 0.1496198
359e-9 1.73 0.1505578
360e-9 1.73 0.1515098
361e-9 1.73 0.1524494
362e-9 1.73 0.1534011
363e-9 1.73 0.1540478
364e-9 1.72 0.1546951
365e-9 1.72 0.155601
366e-9 1.72 0.1565115
367e-9 1.72 0.1574092
368e-9 1.72 0.1583137
369e-9 1.71 0.1588511
370e-9 1.71 0.1593958
371e-9 1.71 0.1601924
372e-9 1.71 0.1609873
373e-9 1.71 0.1617109
374e-9 1.71 0.1624352
375e-9 1.71 0.1630175
376e-9 1.7 0.1636067
377e-9 1.7 0.1644682
378e-9 1.7 0.1653376
379e-9 1.7 0.166222
380e-9 1.7 0.1671132
381e-9 1.69 0.1677378
382e-9 1.69 0.1683561
383e-9 1.69 0.1693214
384e-9 1.69 0.1702799
385e-9 1.69 0.1708582
386e-9 1.68 0.1714375
387e-9 1.68 0.1723773
388e-9 1.68 0.1733186
389e-9 1.68 0.1742736
390e-9 1.68 0.1752262
391e-9 1.68 0.1758401
392e-9 1.67 0.1764469
393e-9 1.67 0.1773731
394e-9 1.67 0.1782993
395e-9 1.67 0.1791719
396e-9 1.67 0.1800376
397e-9 1.66 0.1805361
398e-9 1.66 0.1810277
399e-9 1.66 0.1819545
400e-9 1.66 0.1828747
401e-9 1.66 0.18355
402e-9 1.65 0.1842261
403e-9 1.65 0.1853445
404e-9 1.65 0.1864719
405e-9 1.65 0.187755
406e-9 1.65 0.1890381
407e-9 1.65 0.1899754
408e-9 1.64 0.1909199
409e-9 1.64 0.1922111
410e-9 1.64 0.1935022
411e-9 1.64 0.1947592
412e-9 1.64 0.1960159
413e-9 1.63 0.1969254
414e-9 1.63 0.1978417
415e-9 1.63 0.1990982
416e-9 1.63 0.2003547
417e-9 1.63 0.2016317
418e-9 1.63 0.2029019
419e-9 1.62 0.2037097
420e-9 1.62 0.2045122
421e-9 1.62 0.2059141
422e-9 1.62 0.2073091
423e-9 1.62 0.2087248
424e-9 1.62 0.2101472
425e-9 1.62 0.211767
426e-9 1.62 0.2133867
427e-9 1.62 0.2146665
428e-9 1.61 0.215953
429e-9 1.61 0.2177632
430e-9 1.61 0.2195734
431e-9 1.61 0.2214311
432e-9 1.61 0.2232953
433e-9 1.61 0.2250507
434e-9 1.61 0.2268051
435e-9 1.61 0.2284227
436e-9 1.61 0.2300404
437e-9 1.61 0.231568
438e-9 1.61 0.2331018
439e-9 1.61 0.2346152
440e-9 1.61 0.2361287
441e-9 1.61 0.237683
442e-9 1.61 0.2392305
443e-9 1.61 0.2408869
444e-9 1.61 0.2425502
445e-9 1.61 0.2447778
446e-9 1.62 0.247006
447e-9 1.62 0.248704
448e-9 1.62 0.250402
449e-9 1.62 0.2521338
450e-9 1.62 0.2538654
451e-9 1.62 0.2556105
452e-9 1.62 0.2573625
453e-9 1.63 0.2598285
454e-9 1.63 0.2622946
455e-9 1.63 0.2641143
456e-9 1.63 0.2659335
457e-9 1.64 0.2684736
458e-9 1.64 0.2710134
459e-9 1.64 0.2735798
460e-9 1.65 0.2761461
461e-9 1.65 0.277842
462e-9 1.65 0.2795382
463e-9 1.66 0.2818124
464e-9 1.66 0.2840934
465e-9 1.66 0.2853477
466e-9 1.66 0.2866021
467e-9 1.67 0.2890533
468e-9 1.67 0.2915113
469e-9 1.68 0.2946018
470e-9 1.68 0.2976923
471e-9 1.69 0.3009732
472e-9 1.69 0.304254
473e-9 1.7 0.3073036
474e-9 1.7 0.3103531
475e-9 1.71 0.3142516
476e-9 1.72 0.3181487
477e-9 1.72 0.3202574
478e-9 1.725 0.322366
479e-9 1.73 0.3242098
480e-9 1.73 0.3260603
481e-9 1.74 0.3296177
482e-9 1.75 0.3331817
483e-9 1.75 0.335549
484e-9 1.76 0.3379094
485e-9 1.77 0.3399162
486e-9 1.77 0.3419165
487e-9 1.78 0.3453517
488e-9 1.79 0.3487869
489e-9 1.8 0.3508758
490e-9 1.8 0.3529648
491e-9 1.805 0.3549314
492e-9 1.81 0.3568981
493e-9 1.82 0.3589055
494e-9 1.82 0.3609131
495e-9 1.83 0.3645798
496e-9 1.84 0.3682466
497e-9 1.85 0.3701179
498e-9 1.85 0.3719892
499e-9 1.86 0.3756013
500e-9 1.87 0.3792066
501e-9 1.88 0.3811665
502e-9 1.88 0.3831264
503e-9 1.89 0.3867522
504e-9 1.9 0.3903781
505e-9 1.9 0.3900194
506e-9 1.9 0.3896606
507e-9 1.91 0.3929875
508e-9 1.92 0.3963075
509e-9 1.92 0.3974517
510e-9 1.93 0.3985959
511e-9 1.94 0.4016441
512e-9 1.95 0.4046855
513e-9 1.95 0.4052657
514e-9 1.96 0.4058391
515e-9 1.96 0.4062425
516e-9 1.97 0.4066459
517e-9 1.98 0.4068045
518e-9 1.98 0.4069632
519e-9 1.98 0.4071491
520e-9 1.99 0.4073349
521e-9 1.99 0.407576
522e-9 2.0 0.4078104
523e-9 2.01 0.4079904
524e-9 2.01 0.4081637
525e-9 2.02 0.4084342
526e-9 2.02 0.4087127
527e-9 2.03 0.4091272
528e-9 2.03 0.409535
529e-9 2.03 0.4099971
530e-9 2.04 0.4104524
531e-9 2.04 0.4100782
532e-9 2.045 0.4096971
533e-9 2.05 0.4095745
534e-9 2.05 0.4094451
535e-9 2.05 0.4103629
536e-9 2.06 0.4112739
537e-9 2.06 0.4104509
538e-9 2.06 0.4096212
539e-9 2.07 0.4108315
540e-9 2.07 0.412035
541e-9 2.07 0.4134289
542e-9 2.08 0.4148296
543e-9 2.08 0.4138844
544e-9 2.08 0.4129392
545e-9 2.08 0.4128576
546e-9 2.085 0.412776
547e-9 2.09 0.4124226
548e-9 2.09 0.4120692
549e-9 2.09 0.4122123
550e-9 2.1 0.4123622
551e-9 2.1 0.4099756
552e-9 2.1 0.4075899
553e-9 2.11 0.4069451
554e-9 2.11 0.406307
555e-9 2.11 0.4052473
556e-9 2.12 0.4041945
557e-9 2.12 0.40085
558e-9 2.12 0.3975056
559e-9 2.13 0.3959631
560e-9 2.13 0.3944275
561e-9 2.13 0.3906003
562e-9 2.13 0.3867732
563e-9 2.14 0.3843468
564e-9 2.14 0.3819137
565e-9 2.14 0.3778485
566e-9 2.14 0.3737834
567e-9 2.14 0.3709832
568e-9 2.15 0.3681761
569e-9 2.15 0.3639207
570e-9 2.15 0.3596652
571e-9 2.15 0.3556138
572e-9 2.15 0.3515556
573e-9 2.15 0.3464706
574e-9 2.14 0.3413856
575e-9 2.14 0.337885
576e-9 2.14 0.3343854
577e-9 2.14 0.3313557
578e-9 2.14 0.3283261
579e-9 2.14 0.3256365
580e-9 2.14 0.3229469
581e-9 2.13 0.3201488
582e-9 2.13 0.3173512
583e-9 2.13 0.3159272
584e-9 2.13 0.31451
585e-9 2.13 0.3129364
586e-9 2.12 0.311356
587e-9 2.12 0.3111493
588e-9 2.12 0.3109425
589e-9 2.12 0.3112661
590e-9 2.12 0.3115898
591e-9 2.12 0.3122602
592e-9 2.12 0.3129307
593e-9 2.12 0.3136148
594e-9 2.12 0.3142921
595e-9 2.12 0.3150034
596e-9 2.12 0.3157079
597e-9 2.12 0.3161948
598e-9 2.12 0.3166818
599e-9 2.12 0.3166451
600e-9 2.12 0.3166016
601e-9 2.12 0.3167146
602e-9 2.13 0.3168207
603e-9 2.13 0.3152064
604e-9 2.13 0.313599
605e-9 2.13 0.3111415
606e-9 2.13 0.3086909
607e-9 2.13 0.3060362
608e-9 2.14 0.3033748
609e-9 2.14 0.2990474
610e-9 2.14 0.29472
611e-9 2.14 0.2893454
612e-9 2.14 0.283964
613e-9 2.14 0.2779163
614e-9 2.14 0.2718682
615e-9 2.14 0.26514
616e-9 2.14 0.2584117
617e-9 2.14 0.2509626
618e-9 2.14 0.2435135
619e-9 2.14 0.2356429
620e-9 2.14 0.2277722
621e-9 2.14 0.2195139
622e-9 2.14 0.2112487
623e-9 2.13 0.2023784
624e-9 2.13 0.1935081
625e-9 2.13 0.184699
626e-9 2.12 0.1758831
627e-9 2.12 0.1674549
628e-9 2.12 0.1590198
629e-9 2.12 0.150612
630e-9 2.11 0.1422041
631e-9 2.11 0.1344559
632e-9 2.11 0.1267076
633e-9 2.1 0.1192994
634e-9 2.1 0.1118844
635e-9 2.09 0.1051698
636e-9 2.09 0.0984483
637e-9 2.09 0.0925225
638e-9 2.09 0.0865967
639e-9 2.08 0.0812353
640e-9 2.08 0.075874
641e-9 2.07 0.0711314
642e-9 2.07 0.0663956
643e-9 2.07 0.06221944
644e-9 2.06 0.0580427
645e-9 2.06 0.05456656
646e-9 2.06 0.05109052
647e-9 2.05 0.04808154
648e-9 2.05 0.04507266
649e-9 2.04 0.04252278
650e-9 2.04 0.03997212
651e-9 2.04 0.03786736
652e-9 2.035 0.0357628
653e-9 2.03 0.03388128
654e-9 2.03 0.03199986
655e-9 2.03 0.03046786
656e-9 2.02 0.02893518
657e-9 2.02 0.0276508
658e-9 2.02 0.02636632
659e-9 2.01 0.02527292
660e-9 2.01 0.02417962
661e-9 2.01 0.02324534
662e-9 2.01 0.02231174
663e-9 2.0 0.02152444
664e-9 2.0 0.02073704
665e-9 2.0 0.02012654
666e-9 1.99 0.01951672
667e-9 1.99 0.01897558
668e-9 1.99 0.01843444
669e-9 1.99 0.01795382
670e-9 1.99 0.01747252
671e-9 1.98 0.01706534
672e-9 1.98 0.01665748
673e-9 1.98 0.0163014
674e-9 1.98 0.01594522
675e-9 1.98 0.01563732
676e-9 1.97 0.01532942
677e-9 1.97 0.01506854
678e-9 1.97 0.01480756
679e-9 1.97 0.01459904
680e-9 1.97 0.01438974
681e-9 1.96 0.0141615
682e-9 1.96 0.01393316
683e-9 1.96 0.01379808
684e-9 1.96 0.013663
685e-9 1.96 0.013498
686e-9 1.96 0.0133334
687e-9 1.96 0.01321504
688e-9 1.95 0.013096
689e-9 1.95 0.01303
690e-9 1.95 0.012964
691e-9 1.95 0.01291092
692e-9 1.95 0.01285716
693e-9 1.95 0.0127634
694e-9 1.95 0.01266896
695e-9 1.95 0.0126364
696e-9 1.94 0.01260316
697e-9 1.94 0.01257808
698e-9 1.94 0.0125531
699e-9 1.94 0.01250218
700e-9 1.94 0.01245194
701e-9 1.94 0.01241258
702e-9 1.94 0.01237254
703e-9 1.94 0.01237942
704e-9 1.94 0.0123863
705e-9 1.93 0.01225932
706e-9 1.93 0.01213292
707e-9 1.93 0.01206772
708e-9 1.93 0.01200252
709e-9 1.93 0.01189118
710e-9 1.93 0.01177906
711e-9 1.93 0.01152618
712e-9 1.93 0.01127272
713e-9 1.93 0.01099264
714e-9 1.93 0.01071266
715e-9 1.93 0.01045366
716e-9 1.93 0.01019398
717e-9 1.92 0.00985824
718e-9 1.92 0.0095224
719e-9 1.92 0.0092193
720e-9 1.92 0.00891542
721e-9 1.92 0.0086197
722e-9 1.92 0.0083234
723e-9 1.92 0.00803652
724e-9 1.92 0.00774906
725e-9 1.92 0.0074853
726e-9 1.92 0.00722096
727e-9 1.92 0.00697294
728e-9 1.92 0.006724956
729e-9 1.915 0.0064989
730e-9 1.91 0.006272744
731e-9 1.91 0.006094628
732e-9 1.91 0.00591618
733e-9 1.91 0.005703732
734e-9 1.91 0.005491284
735e-9 1.91 0.00533684
736e-9 1.91 0.005182396
737e-9 1.91 0.005107988
738e-9 1.91 0.00503368
739e-9 1.91 0.004806408
740e-9 1.91 0.004578736
741e-9 1.91 0.00447544
742e-9 1.91 0.004372212
743e-9 1.9 0.004279388
744e-9 1.9 0.004186596
745e-9 1.9 0.004032368
746e-9 1.9 0.00387814
747e-9 1.9 0.003837436
748e-9 1.9 0.0037967
749e-9 1.9 0.003697992
750e-9 1.9 0.003599184
751e-9 1.9 0.003463416
752e-9 1.9 0.003327616
753e-9 1.9 0.00326216
754e-9 1.9 0.003196604
755e-9 1.9 0.003104084
756e-9 1.9 0.003011532
757e-9 1.89 0.002989936
758e-9 1.89 0.002968408
759e-9 1.89 0.002900912
760e-9 1.89 0.002833484
761e-9 1.89 0.002682724
762e-9 1.89 0.002532064
763e-9 1.89 0.002452192
764e-9 1.89 0.00237232
765e-9 1.89 0.002261508
766e-9 1.89 0.002150796
767e-9 1.89 0.0021221675
768e-9 1.89 0.0020935794
769e-9 1.89 0.0019840033
770e-9 1.89 0.0018744272
771e-9 1.89 0.0018186392
772e-9 1.89 0.0017628511
773e-9 1.88 0.001718895
774e-9 1.88 0.0016750069
775e-9 1.88 0.001596572
776e-9 1.88 0.001518712
777e-9 1.88 0.001475464
778e-9 1.88 0.001432148
779e-9 1.88 0.001411816
780e-9 1.88 0.001391484
781e-9 1.88 0.001296012
782e-9 1.88 0.001200608
783e-9 1.88 0.001133016
784e-9 1.88 0.001065356
785e-9 1.88 0.000966416
786e-9 1.88 0.000867476
787e-9 1.88 0.000843744
788e-9 1.88 0.000820012
789e-9 1.88 0.000786148
790e-9 1.88 0.000752216
791e-9 1.88 0.0006758996
792e-9 1.87 0.0005995832
793e-9 1.87 0.0005407088
794e-9 1.87 0.0004818344
795e-9 1.87 0.0004236128
796e-9 1.87 0.0003653912
797e-9 1.87 0.0002718776
798e-9 1.87 0.000178
799e-9 1.87 0.000188
800e-9 1.87 0.000198
