lambda n k
300e-9 1.8 0.0
302e-9 1.8 0.13438852
304e-9 1.8 0.22682568
306e-9 1.8 0.22899602
308e-9 1.8 0.22992902
310e-9 1.8 0.2323901
312e-9 1.8 0.23606278
314e-9 1.8 0.2393228
316e-9 1.8 0.23985337
318e-9 1.8 0.23992042
320e-9 1.8 0.23926127
322e-9 1.8 0.23819003
324e-9 1.8 0.23794523
326e-9 1.8 0.23702365
328e-9 1.8 0.23574994
330e-9 1.8 0.23261831
332e-9 1.8 0.22905847
334e-9 1.8 0.22416359
336e-9 1.8 0.2193309
338e-9 1.8 0.21578675
340e-9 1.8 0.21348743
342e-9 1.8 0.21022945
344e-9 1.8 0.20692242
346e-9 1.8 0.20012212
348e-9 1.8 0.1938057
350e-9 1.8 0.18876
352e-9 1.8 0.18532356
354e-9 1.8 0.18315208
356e-9 1.8 0.18084995
358e-9 1.8 0.17764633
360e-9 1.8 0.17515567
362e-9 1.8 0.16929533
364e-9 1.8 0.16416122
366e-9 1.8 0.15963194
368e-9 1.8 0.1568158
370e-9 1.8 0.15478751
372e-9 1.8 0.15366241
374e-9 1.8 0.15199787
376e-9 1.8 0.15064617
378e-9 1.8 0.14630313
380e-9 1.8 0.14275328
382e-9 1.8 0.14057779
384e-9 1.8 0.13847526
386e-9 1.8 0.13553027
388e-9 1.8 0.13466747
390e-9 1.8 0.13448663
392e-9 1.8 0.13431633
394e-9 1.8 0.13091857
396e-9 1.8 0.12736265
398e-9 1.8 0.12509299
400e-9 1.8 0.12297431
402e-9 1.8 0.12021368
404e-9 1.8 0.11975971
406e-9 1.8 0.11989103
408e-9 1.8 0.11946575
410e-9 1.8 0.11715461
412e-9 1.8 0.11494529
414e-9 1.8 0.11302772
416e-9 1.8 0.11164802
418e-9 1.8 0.1103155
420e-9 1.8 0.10978001
422e-9 1.8 0.11006568
424e-9 1.8 0.11101548
426e-9 1.8 0.11063307
428e-9 1.8 0.10957659
430e-9 1.8 0.10953264
432e-9 1.8 0.10977632
434e-9 1.8 0.10959557
436e-9 1.8 0.11023076
438e-9 1.8 0.11263736
440e-9 1.8 0.11523584
442e-9 1.8 0.11660967
444e-9 1.8 0.1169173
446e-9 1.8 0.11981395
448e-9 1.8 0.12110082
450e-9 1.8 0.11921252
452e-9 1.8 0.11907238
454e-9 1.8 0.12264023
456e-9 1.8 0.12623413
458e-9 1.8 0.12973775
460e-9 1.8 0.13063991
462e-9 1.8 0.1320723
464e-9 1.8 0.13243358
466e-9 1.8 0.13251046
468e-9 1.8 0.13298364
470e-9 1.8 0.13589421
472e-9 1.8 0.13988049
474e-9 1.8 0.14362514
476e-9 1.8 0.14457295
478e-9 1.8 0.14693896
480e-9 1.8 0.14793476
482e-9 1.8 0.14770757
484e-9 1.8 0.14854395
486e-9 1.8 0.15139898
488e-9 1.8 0.15362864
490e-9 1.8 0.15596039
492e-9 1.8 0.15713161
494e-9 1.8 0.15886726
496e-9 1.8 0.16007468
498e-9 1.8 0.16068693
500e-9 1.8 0.16127725
502e-9 1.8 0.16344488
504e-9 1.8 0.16622762
506e-9 1.8 0.16864359
508e-9 1.8 0.16935667
510e-9 1.8 0.17245159
512e-9 1.8 0.17552054
514e-9 1.8 0.17753671
516e-9 1.8 0.17891809
518e-9 1.8 0.18191592
520e-9 1.8 0.18577502
522e-9 1.8 0.18981972
524e-9 1.8 0.19157206
526e-9 1.8 0.19604401
528e-9 1.8 0.19855899
530e-9 1.8 0.19880703
532e-9 1.8 0.19992001
534e-9 1.8 0.20505357
536e-9 1.8 0.21096014
538e-9 1.8 0.21766015
540e-9 1.8 0.22109733
542e-9 1.8 0.22724106
544e-9 1.8 0.23154191
546e-9 1.8 0.23344144
548e-9 1.8 0.23677362
550e-9 1.8 0.24356999
552e-9 1.8 0.25126052
554e-9 1.8 0.26080872
556e-9 1.8 0.26664299
558e-9 1.8 0.27543142
560e-9 1.8 0.28094888
562e-9 1.8 0.28437256
564e-9 1.8 0.28938149
566e-9 1.8 0.29878298
568e-9 1.8 0.30745219
570e-9 1.8 0.31890105
572e-9 1.8 0.32646195
574e-9 1.8 0.33519529
576e-9 1.8 0.34203605
578e-9 1.8 0.34847858
580e-9 1.8 0.35542379
582e-9 1.8 0.3644317
584e-9 1.8 0.3729041
586e-9 1.8 0.38516385
588e-9 1.8 0.39449187
590e-9 1.8 0.4054486
592e-9 1.8 0.41412319
594e-9 1.8 0.42192855
596e-9 1.8 0.43076929
598e-9 1.8 0.44190798
600e-9 1.8 0.45347141
602e-9 1.8 0.46826145
604e-9 1.8 0.47930079
606e-9 1.8 0.49411721
608e-9 1.8 0.5068388
610e-9 1.8 0.51694052
612e-9 1.8 0.52639969
614e-9 1.8 0.53802835
616e-9 1.8 0.55100558
618e-9 1.8 0.56789457
620e-9 1.8 0.57998035
622e-9 1.8 0.59441338
624e-9 1.8 0.60538435
626e-9 1.8 0.6153336
628e-9 1.8 0.62325787
630e-9 1.8 0.63172603
632e-9 1.8 0.64040919
634e-9 1.8 0.64530843
636e-9 1.8 0.64716027
638e-9 1.8 0.65655448
640e-9 1.8 0.66940423
642e-9 1.8 0.67811147
644e-9 1.8 0.6855195
646e-9 1.8 0.69081572
648e-9 1.8 0.69290857
650e-9 1.8 0.69110619
652e-9 1.8 0.69153841
654e-9 1.8 0.69595529
656e-9 1.8 0.70506725
658e-9 1.8 0.71432331
660e-9 1.8 0.72432226
662e-9 1.8 0.73314509
664e-9 1.8 0.73972119
666e-9 1.8 0.74600451
668e-9 1.8 0.75298246
670e-9 1.8 0.76991072
672e-9 1.8 0.78645291
674e-9 1.8 0.79722869
676e-9 1.8 0.80642781
678e-9 1.8 0.81926374
680e-9 1.8 0.83421571
682e-9 1.8 0.85212385
684e-9 1.8 0.86618063
686e-9 1.8 0.8849871
688e-9 1.8 0.90166131
690e-9 1.8 0.91605044
692e-9 1.8 0.928163
694e-9 1.8 0.93904925
696e-9 1.8 0.94727787
698e-9 1.8 0.95325988
700e-9 1.8 0.96111538
702e-9 1.8 0.97067757
704e-9 1.8 0.98265894
706e-9 1.8 0.99347919
708e-9 1.8 1.0
710e-9 1.8 0.99882438
712e-9 1.8 0.9916845
714e-9 1.8 0.97431963
716e-9 1.8 0.96497882
718e-9 1.8 0.9563014
720e-9 1.8 0.95410561
722e-9 1.8 0.95113761
724e-9 1.8 0.93978754
726e-9 1.8 0.92492949
728e-9 1.8 0.90782311
730e-9 1.8 0.88111371
732e-9 1.8 0.86065536
734e-9 1.8 0.84526796
736e-9 1.8 0.83962332
738e-9 1.8 0.83208289
740e-9 1.8 0.82019725
742e-9 1.8 0.80845281
744e-9 1.8 0.79249833
746e-9 1.8 0.76655963
748e-9 1.8 0.746465
750e-9 1.8 0.73376366
752e-9 1.8 0.73176689
754e-9 1.8 0.72595908
756e-9 1.8 0.71809955
758e-9 1.8 0.71084827
760e-9 1.8 0.70259703
762e-9 1.8 0.68886323
764e-9 1.8 0.67820891
766e-9 1.8 0.67103605
768e-9 1.8 0.67159175
770e-9 1.8 0.67228732
772e-9 1.8 0.67308739
774e-9 1.8 0.67243524
776e-9 1.8 0.66868071
778e-9 1.8 0.66045525
780e-9 1.8 0.65621103
782e-9 1.8 0.65832918
784e-9 1.8 0.6674492
786e-9 1.8 0.67459566
788e-9 1.8 0.67951709
790e-9 1.8 0.68208628
792e-9 1.8 0.68180559
794e-9 1.8 0.67852338
796e-9 1.8 0.67829314
798e-9 1.8 0.68571419
800e-9 1.8 0.69894966
802e-9 1.8 0.70996212
804e-9 1.8 0.71792227
806e-9 1.8 0.72349873
808e-9 1.8 0.72662799
810e-9 1.8 0.72739947
812e-9 1.8 0.72906821
814e-9 1.8 0.73352229
816e-9 1.8 0.7412452
818e-9 1.8 0.74863015
820e-9 1.8 0.75665224
822e-9 1.8 0.76233983
824e-9 1.8 0.76432086
826e-9 1.8 0.76203428
828e-9 1.8 0.76124866
830e-9 1.8 0.76391758
832e-9 1.8 0.76693384
834e-9 1.8 0.76388934
836e-9 1.8 0.76320986
838e-9 1.8 0.76549026
840e-9 1.8 0.76636858
842e-9 1.8 0.76150349
844e-9 1.8 0.75345384
846e-9 1.8 0.74265039
848e-9 1.8 0.73036407
850e-9 1.8 0.71589122
852e-9 1.8 0.70641925
854e-9 1.8 0.70116217
856e-9 1.8 0.69563278
858e-9 1.8 0.68622541
860e-9 1.8 0.67341591
862e-9 1.8 0.65836806
864e-9 1.8 0.64124529
866e-9 1.8 0.62184583
868e-9 1.8 0.6040196
870e-9 1.8 0.58926969
872e-9 1.8 0.57584453
874e-9 1.8 0.56020234
876e-9 1.8 0.54091236
878e-9 1.8 0.52009513
880e-9 1.8 0.49716149
882e-9 1.8 0.47053201
884e-9 1.8 0.44515411
886e-9 1.8 0.42504793
888e-9 1.8 0.40797911
890e-9 1.8 0.39291943
892e-9 1.8 0.37691041
894e-9 1.8 0.35595072
896e-9 1.8 0.33126352
898e-9 1.8 0.30881478
900e-9 1.8 0.29034121
902e-9 1.8 0.27320176
904e-9 1.8 0.26099577
906e-9 1.8 0.24880871
908e-9 1.8 0.23614937
910e-9 1.8 0.22071069
912e-9 1.8 0.20112599
914e-9 1.8 0.17898774
916e-9 1.8 0.16353703
918e-9 1.8 0.15705691
920e-9 1.8 0.15172755
922e-9 1.8 0.1445348
924e-9 1.8 0.13516116
926e-9 1.8 0.12398898
928e-9 1.8 0.11026944
930e-9 1.8 0.09435316
932e-9 1.8 0.08414
934e-9 1.8 0.08211064
936e-9 1.8 0.08182597
938e-9 1.8 0.07867767
940e-9 1.8 0.07188997
942e-9 1.8 0.06636625
944e-9 1.8 0.06152242
946e-9 1.8 0.05425113
948e-9 1.8 0.05023115
950e-9 1.8 0.05102553
952e-9 1.8 0.05064494
954e-9 1.8 0.04802932
956e-9 1.8 0.0446341
958e-9 1.8 0.04183591
960e-9 1.8 0.0381314
962e-9 1.8 0.0319668
964e-9 1.8 0.03058634
966e-9 1.8 0.03493493
968e-9 1.8 0.03568071
970e-9 1.8 0.03217015
972e-9 1.8 0.0282913
974e-9 1.8 0.0278575
976e-9 1.8 0.02771472
978e-9 1.8 0.02227582
980e-9 1.8 0.01913578
982e-9 1.8 0.02166249
984e-9 1.8 0.02323701
986e-9 1.8 0.02194517
988e-9 1.8 0.01970207
990e-9 1.8 0.02088782
992e-9 1.8 0.02253184
994e-9 1.8 0.01800482
996e-9 1.8 0.0
998e-9 1.8 0.0
1000e-9 1.8 0.0
1002e-9 1.8 0.0
1004e-9 1.8 0.0
1006e-9 1.8 0.0
1008e-9 1.8 0.0
1010e-9 1.8 0.0
1012e-9 1.8 0.0
1014e-9 1.8 0.0
1016e-9 1.8 0.0
1018e-9 1.8 0.0
1020e-9 1.8 0.0
1022e-9 1.8 0.0
1024e-9 1.8 0.0
1026e-9 1.8 0.0
1028e-9 1.8 0.0
1030e-9 1.8 0.0
1032e-9 1.8 0.0
1034e-9 1.8 0.0
1036e-9 1.8 0.0
1038e-9 1.8 0.0
1040e-9 1.8 0.0
1042e-9 1.8 0.0
1044e-9 1.8 0.0
1046e-9 1.8 0.0
1048e-9 1.8 0.0
1050e-9 1.8 0.0
1052e-9 1.8 0.0
1054e-9 1.8 0.0
1056e-9 1.8 0.0
1058e-9 1.8 0.0
1060e-9 1.8 0.0
1062e-9 1.8 0.0
1064e-9 1.8 0.0
1066e-9 1.8 0.0
1068e-9 1.8 0.0
1070e-9 1.8 0.0
1072e-9 1.8 0.0
1074e-9 1.8 0.0
1076e-9 1.8 0.0
1078e-9 1.8 0.0
1080e-9 1.8 0.0
1082e-9 1.8 0.0
1084e-9 1.8 0.0
1086e-9 1.8 0.0
1088e-9 1.8 0.0
1090e-9 1.8 0.0
1092e-9 1.8 0.0
1094e-9 1.8 0.0
1096e-9 1.8 0.0
1098e-9 1.8 0.0
1100e-9 1.8 0.0
1102e-9 1.8 0.0
1104e-9 1.8 0.0
1106e-9 1.8 0.0
1108e-9 1.8 0.0
1110e-9 1.8 0.0
1112e-9 1.8 0.0
1114e-9 1.8 0.0
1116e-9 1.8 0.0
1118e-9 1.8 0.0
1120e-9 1.8 0.0
1122e-9 1.8 0.0
1124e-9 1.8 0.0
1126e-9 1.8 0.0
1128e-9 1.8 0.0
1130e-9 1.8 0.0
1132e-9 1.8 0.0
1134e-9 1.8 0.0
1136e-9 1.8 0.0
1138e-9 1.8 0.0
1140e-9 1.8 0.0
1142e-9 1.8 0.0
1144e-9 1.8 0.0
1146e-9 1.8 0.0
1148e-9 1.8 0.0
1150e-9 1.8 0.0
1152e-9 1.8 0.0
1154e-9 1.8 0.0
1156e-9 1.8 0.0
1158e-9 1.8 0.0
1160e-9 1.8 0.0
1162e-9 1.8 0.0
1164e-9 1.8 0.0
1166e-9 1.8 0.0
1168e-9 1.8 0.0
1170e-9 1.8 0.0
1172e-9 1.8 0.0
1174e-9 1.8 0.0
1176e-9 1.8 0.0
1178e-9 1.8 0.0
1180e-9 1.8 0.0
1182e-9 1.8 0.0
1184e-9 1.8 0.0
1186e-9 1.8 0.0
1188e-9 1.8 0.0
1190e-9 1.8 0.0
1192e-9 1.8 0.0
1194e-9 1.8 0.0
1196e-9 1.8 0.0
1198e-9 1.8 0.0
1200e-9 1.8 0.0
1202e-9 1.8 0.0
1204e-9 1.8 0.0
1206e-9 1.8 0.0
1208e-9 1.8 0.0
1210e-9 1.8 0.0
1212e-9 1.8 0.0
1214e-9 1.8 0.0
1216e-9 1.8 0.0
1218e-9 1.8 0.0
1220e-9 1.8 0.0
1222e-9 1.8 0.0
1224e-9 1.8 0.0
1226e-9 1.8 0.0
1228e-9 1.8 0.0
1230e-9 1.8 0.0
1232e-9 1.8 0.0
1234e-9 1.8 0.0
1236e-9 1.8 0.0
1238e-9 1.8 0.0
1240e-9 1.8 0.0
1242e-9 1.8 0.0
1244e-9 1.8 0.0
1246e-9 1.8 0.0
1248e-9 1.8 0.0
1250e-9 1.8 0.0
1252e-9 1.8 0.0
1254e-9 1.8 0.0
1256e-9 1.8 0.0
1258e-9 1.8 0.0
1260e-9 1.8 0.0
1262e-9 1.8 0.0
1264e-9 1.8 0.0
1266e-9 1.8 0.0
1268e-9 1.8 0.0
1270e-9 1.8 0.0
1272e-9 1.8 0.0
1274e-9 1.8 0.0
1276e-9 1.8 0.0
1278e-9 1.8 0.0
1280e-9 1.8 0.0
1282e-9 1.8 0.0
1284e-9 1.8 0.0
1286e-9 1.8 0.0
1288e-9 1.8 0.0
1290e-9 1.8 0.0
1292e-9 1.8 0.0
1294e-9 1.8 0.0
