lambda n k
300e-9 1.1 0.06995
301e-9 1.10014 0.06946
302e-9 1.10028 0.06873
303e-9 1.10043 0.06775
304e-9 1.10057 0.06749
305e-9 1.10071 0.06699
306e-9 1.10085 0.06599
307e-9 1.10099 0.06572
308e-9 1.10114 0.06569
309e-9 1.10128 0.06516
310e-9 1.10142 0.06488
311e-9 1.10156 0.06484
312e-9 1.10171 0.06455
313e-9 1.10185 0.06401
314e-9 1.10199 0.06397
315e-9 1.10213 0.06367
316e-9 1.10227 0.06312
317e-9 1.10242 0.06307
318e-9 1.10256 0.06326
319e-9 1.1027 0.06346
320e-9 1.10284 0.06341
321e-9 1.10298 0.06361
322e-9 1.10313 0.0638
323e-9 1.10327 0.064
324e-9 1.10341 0.0642
325e-9 1.10355 0.06414
326e-9 1.1037 0.06434
327e-9 1.10384 0.06453
328e-9 1.10398 0.06499
329e-9 1.10412 0.06624
330e-9 1.10426 0.06644
331e-9 1.10441 0.06664
332e-9 1.10455 0.06737
333e-9 1.10469 0.0681
334e-9 1.10483 0.06857
335e-9 1.10497 0.06905
336e-9 1.10512 0.06979
337e-9 1.10526 0.06946
338e-9 1.1054 0.06617
339e-9 1.10554 0.06501
340e-9 1.10569 0.06439
341e-9 1.10583 0.06268
342e-9 1.10597 0.06123
343e-9 1.10611 0.0606
344e-9 1.10625 0.06077
345e-9 1.1064 0.0615
346e-9 1.10654 0.06085
347e-9 1.10668 0.06158
348e-9 1.10682 0.06314
349e-9 1.10696 0.06415
350e-9 1.10711 0.06573
351e-9 1.10725 0.06759
352e-9 1.10739 0.06919
353e-9 1.10753 0.06995
354e-9 1.10768 0.07155
355e-9 1.10782 0.0726
356e-9 1.10796 0.07337
357e-9 1.1081 0.07415
358e-9 1.10824 0.07521
359e-9 1.10839 0.07599
360e-9 1.10853 0.07706
361e-9 1.10867 0.07871
362e-9 1.10881 0.07951
363e-9 1.10895 0.08117
364e-9 1.1091 0.08284
365e-9 1.10924 0.08394
366e-9 1.10938 0.08475
367e-9 1.10952 0.08615
368e-9 1.10967 0.08756
369e-9 1.10981 0.08839
370e-9 1.10995 0.08951
371e-9 1.11009 0.09123
372e-9 1.11023 0.09206
373e-9 1.11038 0.0938
374e-9 1.11052 0.09494
375e-9 1.11066 0.09609
376e-9 1.1108 0.09784
377e-9 1.11094 0.0996
378e-9 1.11109 0.10137
379e-9 1.11123 0.10315
380e-9 1.11137 0.10584
381e-9 1.11151 0.10763
382e-9 1.11166 0.10883
383e-9 1.1118 0.11033
384e-9 1.11194 0.11245
385e-9 1.11208 0.11489
386e-9 1.11222 0.11734
387e-9 1.11237 0.11826
388e-9 1.11251 0.11826
389e-9 1.11265 0.12011
390e-9 1.11279 0.12197
391e-9 1.11293 0.12384
392e-9 1.11308 0.12571
393e-9 1.11322 0.12791
394e-9 1.11336 0.13043
395e-9 1.1135 0.13328
396e-9 1.11365 0.13677
397e-9 1.11379 0.13932
398e-9 1.11393 0.14157
399e-9 1.11407 0.14352
400e-9 1.11421 0.14515
401e-9 1.11436 0.14807
402e-9 1.1145 0.15131
403e-9 1.11464 0.15393
404e-9 1.11478 0.15592
405e-9 1.11492 0.15857
406e-9 1.11507 0.16057
407e-9 1.11521 0.16259
408e-9 1.11535 0.16558
409e-9 1.11549 0.16859
410e-9 1.11563 0.17064
411e-9 1.11578 0.17269
412e-9 1.11592 0.17475
413e-9 1.11606 0.17682
414e-9 1.1144 0.17955
415e-9 1.11617 0.1823
416e-9 1.1201 0.18472
417e-9 1.12245 0.18682
418e-9 1.12559 0.18927
419e-9 1.12692 0.19206
420e-9 1.13125 0.19418
421e-9 1.13242 0.199
422e-9 1.135 0.20283
423e-9 1.135 0.20904
424e-9 1.13893 0.21358
425e-9 1.14316 0.21747
426e-9 1.14736 0.22171
427e-9 1.14841 0.2263
428e-9 1.15257 0.23024
429e-9 1.15383 0.23419
430e-9 1.15771 0.23816
431e-9 1.16182 0.24214
432e-9 1.16324 0.24614
433e-9 1.16998 0.24912
434e-9 1.17266 0.25177
435e-9 1.17492 0.25512
436e-9 1.17893 0.25918
437e-9 1.18293 0.26325
438e-9 1.1869 0.26734
439e-9 1.19338 0.27144
440e-9 1.19499 0.27626
441e-9 1.20187 0.28321
442e-9 1.20577 0.28877
443e-9 1.21214 0.2933
444e-9 1.21361 0.29856
445e-9 1.22052 0.30383
446e-9 1.22435 0.30878
447e-9 1.23034 0.31409
448e-9 1.23795 0.31907
449e-9 1.24204 0.32443
450e-9 1.24677 0.32802
451e-9 1.25111 0.33162
452e-9 1.25547 0.33739
453e-9 1.2629 0.34354
454e-9 1.27031 0.34972
455e-9 1.27694 0.35592
456e-9 1.28187 0.36469
457e-9 1.2874 0.37167
458e-9 1.29332 0.37831
459e-9 1.30056 0.38572
460e-9 1.30777 0.39278
461e-9 1.31495 0.39657
462e-9 1.3221 0.39228
463e-9 1.32921 0.39313
464e-9 1.3363 0.39915
465e-9 1.34336 0.4063
466e-9 1.35038 0.41756
467e-9 1.35738 0.42737
468e-9 1.36448 0.43424
469e-9 1.37488 0.44152
470e-9 1.38446 0.44807
471e-9 1.39134 0.45577
472e-9 1.39819 0.46312
473e-9 1.40664 0.47088
474e-9 1.41683 0.47791
475e-9 1.42483 0.48572
476e-9 1.43393 0.49432
477e-9 1.44399 0.50295
478e-9 1.45123 0.51199
479e-9 1.46084 0.52069
480e-9 1.47078 0.52827
481e-9 1.47753 0.52592
482e-9 1.48707 0.53085
483e-9 1.49449 0.53849
484e-9 1.5064 0.55462
485e-9 1.51355 0.57468
486e-9 1.52323 0.58283
487e-9 1.53288 0.59061
488e-9 1.54249 0.59882
489e-9 1.55112 0.60588
490e-9 1.55845 0.61297
491e-9 1.56795 0.62008
492e-9 1.5774 0.628
493e-9 1.58681 0.63595
494e-9 1.5972 0.64274
495e-9 1.60768 0.64916
496e-9 1.61483 0.65521
497e-9 1.6241 0.66246
498e-9 1.63416 0.66974
499e-9 1.64641 0.67704
500e-9 1.65727 0.68437
501e-9 1.66449 0.69251
502e-9 1.6766 0.70069
503e-9 1.68866 0.70809
504e-9 1.70026 0.71551
505e-9 1.70642 0.72416
506e-9 1.72131 0.73244
507e-9 1.73042 0.74115
508e-9 1.74197 0.74949
509e-9 1.75374 0.75785
510e-9 1.76319 0.76583
511e-9 1.77608 0.77424
512e-9 1.79246 0.78187
513e-9 1.80666 0.7883
514e-9 1.81619 0.79311
515e-9 1.82338 0.79875
516e-9 1.83094 0.80235
517e-9 1.84108 0.80514
518e-9 1.85768 0.80876
519e-9 1.86901 0.81197
520e-9 1.88303 0.81478
521e-9 1.89225 0.81842
522e-9 1.90272 0.82207
523e-9 1.9156 0.82489
524e-9 1.92812 0.82813
525e-9 1.93819 0.83055
526e-9 1.94646 0.83213
527e-9 1.9547 0.83288
528e-9 1.96291 0.83235
529e-9 1.97363 0.83393
530e-9 1.98449 0.83551
531e-9 1.99362 0.83497
532e-9 2.00295 0.83612
533e-9 2.01369 0.83769
534e-9 2.02406 0.83841
535e-9 2.03205 0.83871
536e-9 2.04001 0.83942
537e-9 2.04996 0.84099
538e-9 2.05899 0.84255
539e-9 2.06786 0.84412
540e-9 2.07785 0.84526
541e-9 2.08567 0.84682
542e-9 2.096 0.84968
543e-9 2.10833 0.85298
544e-9 2.11978 0.85541
545e-9 2.13177 0.85829
546e-9 2.14657 0.8616
547e-9 2.15676 0.86448
548e-9 2.16914 0.86781
549e-9 2.18179 0.8707
550e-9 2.1944 0.87404
551e-9 2.20734 0.87694
552e-9 2.22236 0.87854
553e-9 2.23508 0.88013
554e-9 2.2475 0.88128
555e-9 2.26172 0.88066
556e-9 2.27874 0.88003
557e-9 2.29349 0.87807
558e-9 2.30818 0.87476
559e-9 2.3215 0.87055
560e-9 2.33367 0.86587
561e-9 2.34579 0.86072
562e-9 2.36016 0.85644
563e-9 2.37144 0.8499
564e-9 2.38103 0.84333
565e-9 2.39059 0.83583
566e-9 2.40011 0.82785
567e-9 2.40789 0.81939
568e-9 2.41498 0.81044
569e-9 2.42176 0.801
570e-9 2.4241 0.79106
571e-9 2.42644 0.782
572e-9 2.42789 0.77154
573e-9 2.42782 0.76103
574e-9 2.4255 0.74957
575e-9 2.4232 0.73898
576e-9 2.42018 0.72789
577e-9 2.4156 0.71675
578e-9 2.41319 0.70742
579e-9 2.40963 0.69804
580e-9 2.40509 0.68863
581e-9 2.40057 0.68103
582e-9 2.39607 0.67294
583e-9 2.39426 0.66529
584e-9 2.3965 0.65853
585e-9 2.39207 0.65267
586e-9 2.38893 0.64679
587e-9 2.38672 0.64182
588e-9 2.38451 0.63683
589e-9 2.38395 0.63323
590e-9 2.38465 0.63008
591e-9 2.38683 0.62832
592e-9 2.38709 0.6275
593e-9 2.38803 0.62715
594e-9 2.3902 0.62726
595e-9 2.39447 0.62832
596e-9 2.39763 0.62937
597e-9 2.40004 0.63043
598e-9 2.40643 0.63148
599e-9 2.41156 0.63159
600e-9 2.41579 0.63121
601e-9 2.42001 0.63035
602e-9 2.42422 0.62852
603e-9 2.42815 0.62573
604e-9 2.43024 0.62436
605e-9 2.43362 0.6201
606e-9 2.43754 0.6163
607e-9 2.43961 0.61056
608e-9 2.44167 0.60237
609e-9 2.44373 0.59318
610e-9 2.44578 0.58396
611e-9 2.44561 0.57277
612e-9 2.44358 0.56007
613e-9 2.44155 0.54732
614e-9 2.43953 0.53209
615e-9 2.43751 0.5173
616e-9 2.4337 0.50147
617e-9 2.43036 0.48461
618e-9 2.42836 0.46769
619e-9 2.42335 0.44874
620e-9 2.41775 0.42628
621e-9 2.4138 0.41412
622e-9 2.40869 0.39548
623e-9 2.40279 0.37728
624e-9 2.39692 0.35852
625e-9 2.39107 0.34069
626e-9 2.38523 0.3228
627e-9 2.37941 0.30486
628e-9 2.3733 0.28685
629e-9 2.36559 0.26729
630e-9 2.35893 0.25067
631e-9 2.35318 0.2355
632e-9 2.34576 0.22028
633e-9 2.3372 0.20602
634e-9 2.32582 0.19172
635e-9 2.31784 0.17838
636e-9 2.31218 0.1655
637e-9 2.3048 0.15157
638e-9 2.2973 0.14013
639e-9 2.28984 0.13119
640e-9 2.28346 0.11968
641e-9 2.27789 0.11018
642e-9 2.27071 0.10167
643e-9 2.26264 0.09466
644e-9 2.25162 0.08763
645e-9 2.24413 0.08007
646e-9 2.24047 0.07351
647e-9 2.23267 0.06693
648e-9 2.22372 0.06136
649e-9 2.21829 0.05629
650e-9 2.21234 0.05165
651e-9 2.20514 0.04706
652e-9 2.19896 0.04215
653e-9 2.1936 0.03837
654e-9 2.18968 0.03567
655e-9 2.18599 0.03296
656e-9 2.17891 0.03144
657e-9 2.1723 0.02903
658e-9 2.16702 0.02629
659e-9 2.16176 0.02421
660e-9 2.15651 0.02184
661e-9 2.15247 0.01863
662e-9 2.14899 0.01833
663e-9 2.14399 0.01556
664e-9 2.1388 0.01533
665e-9 2.13363 0.01524
666e-9 2.1289 0.01516
667e-9 2.12548 0.01507
668e-9 2.12206 0.01499
669e-9 2.11865 0.01455
670e-9 2.11526 0.0131
671e-9 2.11187 0.01165
672e-9 2.1085 0.01155
673e-9 2.10513 0.01145
674e-9 2.10322 0.0094
675e-9 2.10154 0.00816
676e-9 2.09658 0.00684
677e-9 2.09176 0.00484
678e-9 2.08845 0.00474
679e-9 2.08514 0.00463
680e-9 2.08184 0.00453
681e-9 2.07956 0.00443
682e-9 2.07956 0.00433
683e-9 2.07828 0.00422
684e-9 2.07503 0.00412
685e-9 2.07178 0.00352
686e-9 2.06854 0.00202
687e-9 2.06616 0.000633688
688e-9 2.06455 0.000523713
689e-9 2.06294 0.000413412
690e-9 2.06134 0.000302792
691e-9 2.05875 0.000109233
692e-9 2.05557 0.0
693e-9 2.0524 0.0
694e-9 2.04923 0.0
695e-9 2.04713 0.0
696e-9 2.04555 0.0
697e-9 2.04293 0.0
698e-9 2.0398 0.0
699e-9 2.03772 0.0
700e-9 2.03616 0.0
701e-9 2.03461 0.0
702e-9 2.03307 0.0
703e-9 2.03152 0.0
704e-9 2.02999 0.0
705e-9 2.02845 0.0
706e-9 2.02692 0.0
707e-9 2.02458 0.0
708e-9 2.02154 0.0
709e-9 2.01922 0.0
710e-9 2.01771 0.0
711e-9 2.0162 0.0
712e-9 2.0147 0.0
713e-9 2.01366 0.0
714e-9 2.01366 0.0
715e-9 2.01335 0.0
716e-9 2.01186 0.0
717e-9 2.01024 0.0
718e-9 2.00728 0.0
719e-9 2.00433 0.0
720e-9 2.00282 0.0
721e-9 2.00135 0.0
722e-9 2.00111 0.0
723e-9 2.00111 0.0
724e-9 2.00012 0.0
725e-9 1.99867 0.0
726e-9 1.99722 0.0
727e-9 1.99578 0.0
728e-9 1.99434 0.0
729e-9 1.99291 0.0
730e-9 1.99147 0.0
731e-9 1.99005 0.0
732e-9 1.98862 0.0
733e-9 1.98721 0.0
734e-9 1.98579 0.0
735e-9 1.98542 0.0
736e-9 1.98542 0.0
737e-9 1.984 0.0
738e-9 1.9812 0.0
739e-9 1.97914 0.0
740e-9 1.97914 0.0
741e-9 1.97913 0.0
742e-9 1.97775 0.0
743e-9 1.97637 0.0
744e-9 1.97499 0.0
745e-9 1.97362 0.0
746e-9 1.97225 0.0
747e-9 1.97088 0.0
748e-9 1.96973 0.0
749e-9 1.96973 0.0
750e-9 1.96973 0.0
751e-9 1.96973 0.0
752e-9 1.96973 0.0
753e-9 1.96904 0.0
754e-9 1.9677 0.0
755e-9 1.96659 0.0
756e-9 1.96659 0.0
757e-9 1.96659 0.0
758e-9 1.96443 0.0
759e-9 1.96178 0.0
760e-9 1.96031 0.0
761e-9 1.96031 0.0
762e-9 1.96024 0.0
763e-9 1.95893 0.0
764e-9 1.95762 0.0
765e-9 1.95718 0.0
766e-9 1.95718 0.0
767e-9 1.95686 0.0
768e-9 1.95557 0.0
769e-9 1.95428 0.0
770e-9 1.953 0.0
771e-9 1.95171 0.0
772e-9 1.9509 0.0
773e-9 1.9509 0.0
774e-9 1.9509 0.0
775e-9 1.95204 0.0
776e-9 1.95331 0.0
777e-9 1.95244 0.0
778e-9 1.94866 0.0
779e-9 1.94489 0.0
780e-9 1.94462 0.0
781e-9 1.94462 0.0
782e-9 1.94515 0.0
783e-9 1.94639 0.0
784e-9 1.94763 0.0
785e-9 1.94556 0.0
786e-9 1.94309 0.0
787e-9 1.94192 0.0
788e-9 1.94314 0.0
789e-9 1.94437 0.0
790e-9 1.94366 0.0
791e-9 1.94244 0.0
792e-9 1.94096 0.0
793e-9 1.93854 0.0
794e-9 1.93612 0.0
795e-9 1.93521 0.0
796e-9 1.93521 0.0
797e-9 1.93519 0.0
798e-9 1.934 0.0
799e-9 1.9328 0.0
800e-9 1.93207 0.0
