lambda n k
252e-9 1.52 0.001211
254e-9 1.52 0.001171
256e-9 1.52 0.001131
258e-9 1.52 0.001093
260e-9 1.52 0.001055
262e-9 1.52 0.001019
264e-9 1.52 0.000983
266e-9 1.52 0.000949
268e-9 1.52 0.000915
270e-9 1.52 0.000882
272e-9 1.52 0.00085
274e-9 1.52 0.000819
276e-9 1.51 0.000789
278e-9 1.51 0.000759
280e-9 1.51 0.00073
282e-9 1.51 0.000702
284e-9 1.51 0.000675
286e-9 1.51 0.000649
288e-9 1.51 0.000623
290e-9 1.51 0.000598
292e-9 1.51 0.000574
294e-9 1.51 0.00055
296e-9 1.51 0.000527
298e-9 1.51 0.000505
300e-9 1.51 0.000483
302e-9 1.51 0.000462
304e-9 1.51 0.000441
306e-9 1.51 0.000421
308e-9 1.5 0.000402
310e-9 1.5 0.000383
312e-9 1.5 0.000365
314e-9 1.5 0.000348
316e-9 1.5 0.000331
318e-9 1.5 0.000314
320e-9 1.5 0.000298
322e-9 1.5 0.000283
324e-9 1.5 0.000268
326e-9 1.5 0.000253
328e-9 1.5 0.00024
330e-9 1.5 0.000226
332e-9 1.5 0.000213
334e-9 1.5 0.0002
336e-9 1.5 0.000188
338e-9 1.5 0.000177
340e-9 1.5 0.000166
342e-9 1.5 0.000155
344e-9 1.5 0.000144
346e-9 1.5 0.000135
348e-9 1.5 0.000125
350e-9 1.5 0.000116
352e-9 1.5 0.000107
354e-9 1.5 9.9e-05
356e-9 1.5 9.1e-05
358e-9 1.5 8.3e-05
360e-9 1.49 7.6e-05
362e-9 1.49 6.9e-05
364e-9 1.49 6.3e-05
366e-9 1.49 5.7e-05
368e-9 1.49 5.1e-05
370e-9 1.49 4.5e-05
372e-9 1.49 4e-05
374e-9 1.49 3.6e-05
376e-9 1.49 3.1e-05
378e-9 1.49 2.7e-05
380e-9 1.49 2.3e-05
382e-9 1.49 2e-05
384e-9 1.49 1.6e-05
386e-9 1.49 1.4e-05
388e-9 1.49 1.1e-05
390e-9 1.49 9e-06
392e-9 1.49 7e-06
394e-9 1.49 5e-06
396e-9 1.49 3e-06
398e-9 1.49 2e-06
400e-9 1.49 1e-06
402e-9 1.49 1e-06
404e-9 1.49 0.0
406e-9 1.49 0.0
408e-9 1.49 0.0
410e-9 1.49 0.0
412e-9 1.49 0.0
414e-9 1.49 0.0
416e-9 1.49 0.0
418e-9 1.49 0.0
420e-9 1.49 0.0
422e-9 1.49 0.0
424e-9 1.49 0.0
426e-9 1.49 0.0
428e-9 1.49 0.0
430e-9 1.49 0.0
432e-9 1.49 0.0
434e-9 1.49 0.0
436e-9 1.49 0.0
438e-9 1.49 0.0
440e-9 1.49 0.0
442e-9 1.49 0.0
444e-9 1.49 0.0
446e-9 1.49 0.0
448e-9 1.49 0.0
450e-9 1.49 0.0
452e-9 1.48 0.0
454e-9 1.48 0.0
456e-9 1.48 0.0
458e-9 1.48 0.0
460e-9 1.48 0.0
462e-9 1.48 0.0
464e-9 1.48 0.0
466e-9 1.48 0.0
468e-9 1.48 0.0
470e-9 1.48 0.0
472e-9 1.48 0.0
474e-9 1.48 0.0
476e-9 1.48 0.0
478e-9 1.48 0.0
480e-9 1.48 0.0
482e-9 1.48 0.0
484e-9 1.48 0.0
486e-9 1.48 0.0
488e-9 1.48 0.0
490e-9 1.48 0.0
492e-9 1.48 0.0
494e-9 1.48 0.0
496e-9 1.48 0.0
498e-9 1.48 0.0
500e-9 1.48 0.0
502e-9 1.48 0.0
504e-9 1.48 0.0
506e-9 1.48 0.0
508e-9 1.48 0.0
510e-9 1.48 0.0
512e-9 1.48 0.0
514e-9 1.48 0.0
516e-9 1.48 0.0
518e-9 1.48 0.0
520e-9 1.48 0.0
522e-9 1.48 0.0
524e-9 1.48 0.0
526e-9 1.48 0.0
528e-9 1.48 0.0
530e-9 1.48 0.0
532e-9 1.48 0.0
534e-9 1.48 0.0
536e-9 1.48 0.0
538e-9 1.48 0.0
540e-9 1.48 0.0
542e-9 1.48 0.0
544e-9 1.48 0.0
546e-9 1.48 0.0
548e-9 1.48 0.0
550e-9 1.48 0.0
552e-9 1.48 0.0
554e-9 1.48 0.0
556e-9 1.48 0.0
558e-9 1.48 0.0
560e-9 1.48 0.0
562e-9 1.48 0.0
564e-9 1.48 0.0
566e-9 1.48 0.0
568e-9 1.48 0.0
570e-9 1.48 0.0
572e-9 1.48 0.0
574e-9 1.48 0.0
576e-9 1.48 0.0
578e-9 1.48 0.0
580e-9 1.48 0.0
582e-9 1.48 0.0
584e-9 1.48 0.0
586e-9 1.48 0.0
588e-9 1.48 0.0
590e-9 1.48 0.0
592e-9 1.48 0.0
594e-9 1.48 0.0
596e-9 1.48 0.0
598e-9 1.48 0.0
600e-9 1.48 0.0
602e-9 1.48 0.0
604e-9 1.48 0.0
606e-9 1.48 0.0
608e-9 1.48 0.0
610e-9 1.48 0.0
612e-9 1.48 0.0
614e-9 1.48 0.0
616e-9 1.48 0.0
618e-9 1.48 0.0
620e-9 1.48 0.0
622e-9 1.48 0.0
624e-9 1.48 0.0
626e-9 1.48 0.0
628e-9 1.48 0.0
630e-9 1.48 0.0
632e-9 1.48 0.0
634e-9 1.48 0.0
636e-9 1.48 0.0
638e-9 1.48 0.0
640e-9 1.48 0.0
642e-9 1.48 0.0
644e-9 1.48 0.0
646e-9 1.48 0.0
648e-9 1.48 0.0
650e-9 1.48 0.0
652e-9 1.48 0.0
654e-9 1.48 0.0
656e-9 1.48 0.0
658e-9 1.48 0.0
660e-9 1.48 0.0
662e-9 1.48 0.0
664e-9 1.48 0.0
666e-9 1.48 0.0
668e-9 1.48 0.0
670e-9 1.48 0.0
672e-9 1.48 0.0
674e-9 1.48 0.0
676e-9 1.48 0.0
678e-9 1.47 0.0
680e-9 1.47 0.0
682e-9 1.47 0.0
684e-9 1.47 0.0
686e-9 1.47 0.0
688e-9 1.47 0.0
690e-9 1.47 0.0
692e-9 1.47 0.0
694e-9 1.47 0.0
696e-9 1.47 0.0
698e-9 1.47 0.0
700e-9 1.47 0.0
702e-9 1.47 0.0
704e-9 1.47 0.0
706e-9 1.47 0.0
708e-9 1.47 0.0
710e-9 1.47 0.0
712e-9 1.47 0.0
714e-9 1.47 0.0
716e-9 1.47 0.0
718e-9 1.47 0.0
720e-9 1.47 0.0
722e-9 1.47 0.0
724e-9 1.47 0.0
726e-9 1.47 0.0
728e-9 1.47 0.0
730e-9 1.47 0.0
732e-9 1.47 0.0
734e-9 1.47 0.0
736e-9 1.47 0.0
738e-9 1.47 0.0
740e-9 1.47 0.0
742e-9 1.47 0.0
744e-9 1.47 0.0
746e-9 1.47 0.0
748e-9 1.47 0.0
750e-9 1.47 0.0
752e-9 1.47 0.0
754e-9 1.47 0.0
756e-9 1.47 0.0
758e-9 1.47 0.0
760e-9 1.47 0.0
762e-9 1.47 0.0
764e-9 1.47 0.0
766e-9 1.47 0.0
768e-9 1.47 0.0
770e-9 1.47 0.0
772e-9 1.47 0.0
774e-9 1.47 0.0
776e-9 1.47 0.0
778e-9 1.47 0.0
780e-9 1.47 0.0
782e-9 1.47 0.0
784e-9 1.47 0.0
786e-9 1.47 0.0
788e-9 1.47 0.0
790e-9 1.47 0.0
792e-9 1.47 0.0
794e-9 1.47 0.0
796e-9 1.47 0.0
798e-9 1.47 0.0
800e-9 1.47 0.0
802e-9 1.47 0.0
804e-9 1.47 0.0
806e-9 1.47 0.0
808e-9 1.47 0.0
810e-9 1.47 0.0
812e-9 1.47 0.0
814e-9 1.47 0.0
816e-9 1.47 0.0
818e-9 1.47 0.0
820e-9 1.47 0.0
822e-9 1.47 0.0
824e-9 1.47 0.0
826e-9 1.47 0.0
828e-9 1.47 0.0
830e-9 1.47 0.0
832e-9 1.47 0.0
834e-9 1.47 0.0
836e-9 1.47 0.0
838e-9 1.47 0.0
840e-9 1.47 0.0
842e-9 1.47 0.0
844e-9 1.47 0.0
846e-9 1.47 0.0
848e-9 1.47 0.0
850e-9 1.47 0.0
852e-9 1.47 0.0
854e-9 1.47 0.0
856e-9 1.47 0.0
858e-9 1.47 0.0
860e-9 1.47 0.0
862e-9 1.47 0.0
864e-9 1.47 0.0
866e-9 1.47 0.0
868e-9 1.47 0.0
870e-9 1.47 0.0
872e-9 1.47 0.0
874e-9 1.47 0.0
876e-9 1.47 0.0
878e-9 1.47 0.0
880e-9 1.47 0.0
882e-9 1.47 0.0
884e-9 1.47 0.0
886e-9 1.47 0.0
888e-9 1.47 0.0
890e-9 1.47 0.0
892e-9 1.47 0.0
894e-9 1.47 0.0
896e-9 1.47 0.0
898e-9 1.47 0.0
900e-9 1.47 0.0
902e-9 1.47 0.0
904e-9 1.47 0.0
906e-9 1.47 0.0
908e-9 1.47 0.0
910e-9 1.47 0.0
912e-9 1.47 0.0
914e-9 1.47 0.0
916e-9 1.47 0.0
918e-9 1.47 0.0
920e-9 1.47 0.0
922e-9 1.47 0.0
924e-9 1.47 0.0
926e-9 1.47 0.0
928e-9 1.47 0.0
930e-9 1.47 0.0
932e-9 1.47 0.0
934e-9 1.47 0.0
936e-9 1.47 0.0
938e-9 1.47 0.0
940e-9 1.47 0.0
942e-9 1.47 0.0
944e-9 1.47 0.0
946e-9 1.47 0.0
948e-9 1.47 0.0
950e-9 1.47 0.0
952e-9 1.47 0.0
954e-9 1.47 0.0
956e-9 1.47 0.0
958e-9 1.47 0.0
960e-9 1.47 0.0
962e-9 1.47 0.0
964e-9 1.47 0.0
966e-9 1.47 0.0
968e-9 1.47 0.0
970e-9 1.47 0.0
972e-9 1.47 0.0
974e-9 1.47 0.0
976e-9 1.47 0.0
978e-9 1.47 0.0
980e-9 1.47 0.0
982e-9 1.47 0.0
984e-9 1.47 0.0
986e-9 1.47 0.0
988e-9 1.47 0.0
990e-9 1.47 0.0
992e-9 1.47 0.0
994e-9 1.47 0.0
996e-9 1.47 0.0
998e-9 1.47 0.0
1000e-9 1.47 0.0
1002e-9 1.47 0.0
1004e-9 1.47 0.0
1006e-9 1.47 0.0
1008e-9 1.47 0.0
1010e-9 1.47 0.0
1012e-9 1.47 0.0
1014e-9 1.47 0.0
1016e-9 1.47 0.0
1018e-9 1.47 0.0
1020e-9 1.47 0.0
1022e-9 1.47 0.0
1024e-9 1.47 0.0
1026e-9 1.47 0.0
1028e-9 1.47 0.0
1030e-9 1.47 0.0
1032e-9 1.47 0.0
1034e-9 1.47 0.0
1036e-9 1.47 0.0
1038e-9 1.47 0.0
1040e-9 1.47 0.0
1042e-9 1.47 0.0
1044e-9 1.47 0.0
1046e-9 1.47 0.0
1048e-9 1.47 0.0
1050e-9 1.47 0.0
1052e-9 1.47 0.0
1054e-9 1.47 0.0
1056e-9 1.47 0.0
1058e-9 1.47 0.0
1060e-9 1.47 0.0
1062e-9 1.47 0.0
1064e-9 1.47 0.0
1066e-9 1.47 0.0
1068e-9 1.47 0.0
1070e-9 1.47 0.0
1072e-9 1.47 0.0
1074e-9 1.47 0.0
1076e-9 1.47 0.0
1078e-9 1.47 0.0
1080e-9 1.47 0.0
1082e-9 1.47 0.0
1084e-9 1.47 0.0
1086e-9 1.47 0.0
1088e-9 1.47 0.0
1090e-9 1.47 0.0
1092e-9 1.47 0.0
1094e-9 1.47 0.0
1096e-9 1.47 0.0
1098e-9 1.47 0.0
1100e-9 1.47 0.0
1102e-9 1.47 0.0
1104e-9 1.47 0.0
1106e-9 1.47 0.0
1108e-9 1.47 0.0
1110e-9 1.47 0.0
1112e-9 1.47 0.0
1114e-9 1.47 0.0
1116e-9 1.47 0.0
1118e-9 1.47 0.0
1120e-9 1.47 0.0
1122e-9 1.47 0.0
1124e-9 1.47 0.0
1126e-9 1.47 0.0
1128e-9 1.47 0.0
1130e-9 1.47 0.0
1132e-9 1.47 0.0
1134e-9 1.47 0.0
1136e-9 1.47 0.0
1138e-9 1.47 0.0
1140e-9 1.47 0.0
1142e-9 1.47 0.0
1144e-9 1.47 0.0
1146e-9 1.47 0.0
1148e-9 1.47 0.0
1150e-9 1.47 0.0
1152e-9 1.47 0.0
1154e-9 1.47 0.0
1156e-9 1.47 0.0
1158e-9 1.47 0.0
1160e-9 1.47 0.0
1162e-9 1.47 0.0
1164e-9 1.47 0.0
1166e-9 1.47 0.0
1168e-9 1.47 0.0
1170e-9 1.47 0.0
1172e-9 1.47 0.0
1174e-9 1.47 0.0
1176e-9 1.47 0.0
1178e-9 1.47 0.0
1180e-9 1.47 0.0
1182e-9 1.47 0.0
1184e-9 1.47 0.0
1186e-9 1.47 0.0
1188e-9 1.47 0.0
1190e-9 1.47 0.0
1192e-9 1.47 0.0
1194e-9 1.47 0.0
1196e-9 1.47 0.0
1198e-9 1.47 0.0
1200e-9 1.47 0.0
1202e-9 1.47 0.0
1204e-9 1.47 0.0
1206e-9 1.47 0.0
1208e-9 1.47 0.0
1210e-9 1.47 0.0
1212e-9 1.47 0.0
1214e-9 1.47 0.0
1216e-9 1.47 0.0
1218e-9 1.47 0.0
1220e-9 1.47 0.0
1222e-9 1.47 0.0
1224e-9 1.47 0.0
1226e-9 1.47 0.0
1228e-9 1.47 0.0
1230e-9 1.47 0.0
1232e-9 1.47 0.0
1234e-9 1.47 0.0
1236e-9 1.47 0.0
1238e-9 1.47 0.0
1240e-9 1.47 0.0
1242e-9 1.47 0.0
1244e-9 1.47 0.0
1246e-9 1.47 0.0
1248e-9 1.47 0.0
1250e-9 1.47 0.0
