lambda n k
300e-9 1.70496 0.12388
301e-9 1.70386 0.1233
302e-9 1.70151 0.12271
303e-9 1.69857 0.12223
304e-9 1.69475 0.12196
305e-9 1.69167 0.12262
306e-9 1.68938 0.12385
307e-9 1.68957 0.12647
308e-9 1.69103 0.12909
309e-9 1.69334 0.13169
310e-9 1.69567 0.13192
311e-9 1.69753 0.13106
312e-9 1.6987 0.12865
313e-9 1.6988 0.126
314e-9 1.69838 0.12368
315e-9 1.69699 0.12267
316e-9 1.69526 0.12263
317e-9 1.69336 0.12319
318e-9 1.69184 0.12441
319e-9 1.69071 0.12568
320e-9 1.69006 0.12701
321e-9 1.68997 0.12824
322e-9 1.6901 0.12939
323e-9 1.69055 0.13034
324e-9 1.69142 0.13118
325e-9 1.69259 0.13195
326e-9 1.69473 0.13274
327e-9 1.69744 0.13356
328e-9 1.70078 0.13442
329e-9 1.70445 0.13479
330e-9 1.70798 0.13472
331e-9 1.71106 0.13377
332e-9 1.71336 0.13178
333e-9 1.71526 0.12929
334e-9 1.7166 0.12619
335e-9 1.71792 0.12318
336e-9 1.71923 0.12027
337e-9 1.72065 0.11779
338e-9 1.72202 0.11534
339e-9 1.72326 0.1129
340e-9 1.72409 0.11009
341e-9 1.72469 0.10707
342e-9 1.72478 0.10357
343e-9 1.72469 0.10002
344e-9 1.72444 0.09641
345e-9 1.72412 0.09313
346e-9 1.72378 0.09003
347e-9 1.7234 0.08723
348e-9 1.72282 0.08461
349e-9 1.72208 0.08204
350e-9 1.72093 0.07947
351e-9 1.71955 0.07686
352e-9 1.71798 0.07424
353e-9 1.71655 0.07186
354e-9 1.7154 0.0697
355e-9 1.71467 0.06788
356e-9 1.71476 0.06653
357e-9 1.71519 0.06532
358e-9 1.71618 0.06412
359e-9 1.71735 0.06251
360e-9 1.71865 0.06063
361e-9 1.71991 0.05756
362e-9 1.72113 0.05403
363e-9 1.72231 0.04986
364e-9 1.72346 0.04508
365e-9 1.72461 0.04006
366e-9 1.72576 0.03472
367e-9 1.72676 0.02941
368e-9 1.72765 0.02413
369e-9 1.72777 0.01944
370e-9 1.7273 0.01527
371e-9 1.72608 0.01174
372e-9 1.72344 0.0095
373e-9 1.72024 0.00781
374e-9 1.71615 0.00702
375e-9 1.71171 0.00675
376e-9 1.70712 0.00676
377e-9 1.70265 0.00707
378e-9 1.69843 0.00742
379e-9 1.69448 0.00781
380e-9 1.691 0.0082
381e-9 1.68775 0.00858
382e-9 1.68488 0.00893
383e-9 1.68236 0.00924
384e-9 1.68004 0.00954
385e-9 1.67802 0.0099
386e-9 1.67603 0.01039
387e-9 1.67407 0.01101
388e-9 1.67192 0.01207
389e-9 1.66962 0.01337
390e-9 1.66703 0.0151
391e-9 1.66418 0.0172
392e-9 1.6612 0.01947
393e-9 1.65804 0.022
394e-9 1.65484 0.02457
395e-9 1.65162 0.02717
396e-9 1.64846 0.02966
397e-9 1.64535 0.03204
398e-9 1.64231 0.03424
399e-9 1.63938 0.03612
400e-9 1.63652 0.03781
401e-9 1.63381 0.03903
402e-9 1.63121 0.03989
403e-9 1.6287 0.04047
404e-9 1.62635 0.04059
405e-9 1.62405 0.04063
406e-9 1.62184 0.04054
407e-9 1.6197 0.04051
408e-9 1.61758 0.04056
409e-9 1.61551 0.04087
410e-9 1.61342 0.04139
411e-9 1.61132 0.04205
412e-9 1.60911 0.04297
413e-9 1.60681 0.04394
414e-9 1.60439 0.04501
415e-9 1.60172 0.04611
416e-9 1.59894 0.04724
417e-9 1.59592 0.0484
418e-9 1.59283 0.04968
419e-9 1.5897 0.05105
420e-9 1.58665 0.05279
421e-9 1.58372 0.05475
422e-9 1.58093 0.05703
423e-9 1.57851 0.05987
424e-9 1.57626 0.06298
425e-9 1.57435 0.06659
426e-9 1.57266 0.07056
427e-9 1.57112 0.07474
428e-9 1.56984 0.07935
429e-9 1.56865 0.08413
430e-9 1.56757 0.08909
431e-9 1.56662 0.09425
432e-9 1.56575 0.09943
433e-9 1.56499 0.10459
434e-9 1.56437 0.10954
435e-9 1.56384 0.11435
436e-9 1.56351 0.11866
437e-9 1.56329 0.12257
438e-9 1.5632 0.12608
439e-9 1.56332 0.12874
440e-9 1.56352 0.13105
441e-9 1.56388 0.13276
442e-9 1.56436 0.13392
443e-9 1.56491 0.13476
444e-9 1.56561 0.135
445e-9 1.56637 0.13492
446e-9 1.5672 0.13455
447e-9 1.56816 0.13374
448e-9 1.56916 0.13281
449e-9 1.57025 0.13174
450e-9 1.57145 0.13068
451e-9 1.5727 0.12966
452e-9 1.57408 0.12886
453e-9 1.57554 0.12833
454e-9 1.57707 0.12802
455e-9 1.57873 0.12833
456e-9 1.58043 0.12893
457e-9 1.58219 0.12995
458e-9 1.58398 0.13151
459e-9 1.58578 0.13333
460e-9 1.58757 0.13572
461e-9 1.58934 0.1385
462e-9 1.59109 0.14155
463e-9 1.59274 0.14526
464e-9 1.59435 0.14916
465e-9 1.59589 0.15337
466e-9 1.59733 0.15775
467e-9 1.59872 0.16218
468e-9 1.59999 0.16659
469e-9 1.60117 0.17084
470e-9 1.60227 0.17498
471e-9 1.6032 0.17865
472e-9 1.60404 0.18204
473e-9 1.60477 0.18505
474e-9 1.60535 0.18748
475e-9 1.60586 0.18963
476e-9 1.60626 0.19126
477e-9 1.60657 0.19243
478e-9 1.60684 0.19333
479e-9 1.60702 0.19357
480e-9 1.60717 0.19348
481e-9 1.60729 0.19302
482e-9 1.60737 0.19201
483e-9 1.60746 0.19079
484e-9 1.60756 0.18923
485e-9 1.60769 0.18749
486e-9 1.60786 0.18566
487e-9 1.60811 0.18375
488e-9 1.60844 0.18188
489e-9 1.60884 0.18006
490e-9 1.60941 0.17848
491e-9 1.61005 0.17704
492e-9 1.61084 0.17587
493e-9 1.6118 0.17501
494e-9 1.61286 0.17434
495e-9 1.61415 0.17409
496e-9 1.61558 0.17411
497e-9 1.61715 0.17438
498e-9 1.619 0.17514
499e-9 1.62098 0.17614
500e-9 1.62318 0.17751
501e-9 1.62562 0.17932
502e-9 1.62819 0.18135
503e-9 1.631 0.18379
504e-9 1.63393 0.18644
505e-9 1.63696 0.18925
506e-9 1.64013 0.1923
507e-9 1.64333 0.19541
508e-9 1.64659 0.1986
509e-9 1.64986 0.20182
510e-9 1.65313 0.20503
511e-9 1.65637 0.20819
512e-9 1.65955 0.21127
513e-9 1.6627 0.21429
514e-9 1.66572 0.21714
515e-9 1.66867 0.21992
516e-9 1.67154 0.2226
517e-9 1.67424 0.22511
518e-9 1.67687 0.22753
519e-9 1.67932 0.22979
520e-9 1.68161 0.23189
521e-9 1.68381 0.2339
522e-9 1.68574 0.23567
523e-9 1.68757 0.23733
524e-9 1.68927 0.23885
525e-9 1.69085 0.24017
526e-9 1.6924 0.24138
527e-9 1.69393 0.24243
528e-9 1.6955 0.24333
529e-9 1.6971 0.24414
530e-9 1.69886 0.24475
531e-9 1.70074 0.24527
532e-9 1.70275 0.24568
533e-9 1.70506 0.24592
534e-9 1.70752 0.24608
535e-9 1.71025 0.24611
536e-9 1.71324 0.24599
537e-9 1.71638 0.24578
538e-9 1.71982 0.24537
539e-9 1.72341 0.24484
540e-9 1.72716 0.24419
541e-9 1.73118 0.24331
542e-9 1.7353 0.24233
543e-9 1.7396 0.24117
544e-9 1.74408 0.23981
545e-9 1.74866 0.23833
546e-9 1.75341 0.23662
547e-9 1.75826 0.23475
548e-9 1.76317 0.23276
549e-9 1.76817 0.23053
550e-9 1.77318 0.2282
551e-9 1.77821 0.22572
552e-9 1.7832 0.22306
553e-9 1.78816 0.22032
554e-9 1.79304 0.2174
555e-9 1.79782 0.21436
556e-9 1.80254 0.21124
557e-9 1.80705 0.20793
558e-9 1.81145 0.20455
559e-9 1.8157 0.20106
560e-9 1.81972 0.19742
561e-9 1.82363 0.19372
562e-9 1.82731 0.18989
563e-9 1.83079 0.18596
564e-9 1.83416 0.18196
565e-9 1.83722 0.17781
566e-9 1.84013 0.17359
567e-9 1.84287 0.16929
568e-9 1.84531 0.16487
569e-9 1.84762 0.16038
570e-9 1.84967 0.15579
571e-9 1.85148 0.1511
572e-9 1.85315 0.14636
573e-9 1.8545 0.14152
574e-9 1.85569 0.13665
575e-9 1.85672 0.13174
576e-9 1.85747 0.1268
577e-9 1.85809 0.12185
578e-9 1.85851 0.11691
579e-9 1.85873 0.112
580e-9 1.85883 0.1071
581e-9 1.8587 0.10227
582e-9 1.85843 0.09749
583e-9 1.85804 0.09277
584e-9 1.85742 0.08817
585e-9 1.8567 0.08364
586e-9 1.85583 0.07921
587e-9 1.85479 0.07491
588e-9 1.85366 0.07069
589e-9 1.85235 0.06662
590e-9 1.85094 0.06267
591e-9 1.84944 0.0588
592e-9 1.84775 0.05513
593e-9 1.84599 0.05155
594e-9 1.84413 0.04811
595e-9 1.84214 0.04485
596e-9 1.84008 0.04168
597e-9 1.8379 0.0387
598e-9 1.83564 0.03588
599e-9 1.83331 0.03316
600e-9 1.83086 0.03069
601e-9 1.82837 0.02832
602e-9 1.82581 0.02608
603e-9 1.82318 0.02403
604e-9 1.82053 0.02206
605e-9 1.81783 0.02025
606e-9 1.8151 0.01856
607e-9 1.81236 0.01695
608e-9 1.8096 0.0155
609e-9 1.80684 0.01412
610e-9 1.80408 0.01283
611e-9 1.80135 0.01166
612e-9 1.79863 0.01055
613e-9 1.79595 0.00953
614e-9 1.79331 0.0086
615e-9 1.79069 0.00771
616e-9 1.78815 0.00692
617e-9 1.78564 0.00618
618e-9 1.78317 0.00548
619e-9 1.78079 0.00487
620e-9 1.77844 0.0043
621e-9 1.77615 0.00378
622e-9 1.77393 0.00332
623e-9 1.77176 0.00289
624e-9 1.76967 0.00251
625e-9 1.76764 0.00217
626e-9 1.76565 0.00185
627e-9 1.76378 0.00159
628e-9 1.76196 0.00134
629e-9 1.7602 0.00113
630e-9 1.75855 0.000940957
631e-9 1.75694 0.000770931
632e-9 1.75542 0.000626848
633e-9 1.75396 0.000502714
634e-9 1.75254 0.000391023
635e-9 1.75121 0.000304817
636e-9 1.7499 0.000229224
637e-9 1.74864 0.000165669
638e-9 1.74743 0.000119264
639e-9 1.74625 7.95965e-05
640e-9 1.7451 5.06473e-05
641e-9 1.74397 3.0525e-05
642e-9 1.74286 1.51518e-05
643e-9 1.74178 7.59959e-06
644e-9 1.7407 2.68234e-06
645e-9 1.73963 1.64727e-07
646e-9 1.73857 0.0
647e-9 1.7375 0.0
648e-9 1.73644 0.0
649e-9 1.73537 0.0
650e-9 1.73431 0.0
651e-9 1.73325 0.0
652e-9 1.73218 0.0
653e-9 1.73112 0.0
654e-9 1.73006 0.0
655e-9 1.72901 0.0
656e-9 1.72795 0.0
657e-9 1.7269 0.0
658e-9 1.72585 0.0
659e-9 1.72481 0.0
660e-9 1.72377 0.0
661e-9 1.72273 0.0
662e-9 1.7217 0.0
663e-9 1.72067 0.0
664e-9 1.71965 0.0
665e-9 1.71864 0.0
666e-9 1.71763 0.0
667e-9 1.71662 0.0
668e-9 1.71562 0.0
669e-9 1.71463 0.0
670e-9 1.71364 0.0
671e-9 1.71266 0.0
672e-9 1.71168 0.0
673e-9 1.7107 0.0
674e-9 1.70973 0.0
675e-9 1.70877 0.0
676e-9 1.70781 0.0
677e-9 1.70685 0.0
678e-9 1.7059 0.0
679e-9 1.70495 0.0
680e-9 1.704 0.0
681e-9 1.70306 0.0
682e-9 1.70213 0.0
683e-9 1.7012 0.0
684e-9 1.70027 0.0
685e-9 1.69936 0.0
686e-9 1.69845 0.0
687e-9 1.69757 0.0
688e-9 1.6967 0.0
689e-9 1.69585 0.0
690e-9 1.69503 0.0
691e-9 1.69423 0.0
692e-9 1.69348 0.0
693e-9 1.69274 0.0
694e-9 1.69205 0.0
695e-9 1.6914 0.0
696e-9 1.69078 0.0
697e-9 1.69021 0.0
698e-9 1.68969 0.0
699e-9 1.68921 0.0
700e-9 1.6888 0.0
701e-9 1.68842 0.0
702e-9 1.68811 0.0
703e-9 1.68786 0.0
704e-9 1.68765 0.0
705e-9 1.6875 0.0
706e-9 1.68739 0.0
707e-9 1.68731 0.0
708e-9 1.68729 0.0
709e-9 1.6873 0.0
710e-9 1.68732 0.0
711e-9 1.68739 0.0
712e-9 1.68747 0.0
713e-9 1.68757 0.0
714e-9 1.68769 0.0
715e-9 1.68781 0.0
716e-9 1.68795 0.0
717e-9 1.68809 0.0
718e-9 1.68823 0.0
719e-9 1.68837 0.0
720e-9 1.68851 0.0
721e-9 1.68864 0.0
722e-9 1.68875 0.0
723e-9 1.68886 0.0
724e-9 1.68894 0.0
725e-9 1.68901 0.0
726e-9 1.68907 0.0
727e-9 1.6891 0.0
728e-9 1.68912 0.0
729e-9 1.68913 0.0
730e-9 1.6891 0.0
731e-9 1.68907 0.0
732e-9 1.68901 0.0
733e-9 1.68893 0.0
734e-9 1.68884 0.0
735e-9 1.68871 0.0
736e-9 1.68857 0.0
737e-9 1.68842 0.0
738e-9 1.68823 0.0
739e-9 1.68802 0.0
740e-9 1.68779 0.0
741e-9 1.68754 0.0
742e-9 1.68727 0.0
743e-9 1.68696 0.0
744e-9 1.68664 0.0
745e-9 1.68629 0.0
746e-9 1.68591 0.0
747e-9 1.68552 0.0
748e-9 1.6851 0.0
749e-9 1.68466 0.0
750e-9 1.6842 0.0
751e-9 1.68373 0.0
752e-9 1.68323 0.0
753e-9 1.68273 0.0
754e-9 1.6822 0.0
755e-9 1.68166 0.0
756e-9 1.68112 0.0
757e-9 1.68055 0.0
758e-9 1.67998 0.0
759e-9 1.6794 0.0
760e-9 1.67882 0.0
761e-9 1.67822 0.0
762e-9 1.67762 0.0
763e-9 1.67702 0.0
764e-9 1.67641 0.0
765e-9 1.67579 0.0
766e-9 1.67518 0.0
767e-9 1.67457 0.0
768e-9 1.67395 0.0
769e-9 1.67334 0.0
770e-9 1.67273 0.0
771e-9 1.67212 0.0
772e-9 1.67151 0.0
773e-9 1.67091 0.0
774e-9 1.67032 0.0
775e-9 1.66973 0.0
776e-9 1.66915 0.0
777e-9 1.66858 0.0
778e-9 1.66802 0.0
779e-9 1.66747 0.0
780e-9 1.66693 0.0
781e-9 1.66641 0.0
782e-9 1.6659 0.0
783e-9 1.6654 0.0
784e-9 1.66492 0.0
785e-9 1.66445 0.0
786e-9 1.664 0.0
787e-9 1.66357 0.0
788e-9 1.66316 0.0
789e-9 1.66276 0.0
790e-9 1.66239 0.0
791e-9 1.66203 0.0
792e-9 1.6617 0.0
793e-9 1.66139 0.0
794e-9 1.6611 0.0
795e-9 1.66084 0.0
796e-9 1.66059 0.0
797e-9 1.66036 0.0
798e-9 1.66015 0.0
799e-9 1.65995 0.0
800e-9 1.65977 0.0
