lambda n k
300e-9 1.54378 0.24245
301e-9 1.53568 0.25305
302e-9 1.5283 0.24863
303e-9 1.52166 0.25876
304e-9 1.51575 0.25543
305e-9 1.5104 0.25516
306e-9 1.50569 0.26062
307e-9 1.50158 0.26485
308e-9 1.49788 0.26938
309e-9 1.49469 0.27012
310e-9 1.49194 0.2754
311e-9 1.48962 0.28099
312e-9 1.48768 0.28904
313e-9 1.48615 0.29671
314e-9 1.48503 0.30529
315e-9 1.48437 0.31435
316e-9 1.48387 0.3265
317e-9 1.48393 0.33683
318e-9 1.48423 0.34912
319e-9 1.48491 0.36089
320e-9 1.48597 0.37845
321e-9 1.48732 0.39523
322e-9 1.48907 0.40901
323e-9 1.49117 0.42894
324e-9 1.49353 0.44646
325e-9 1.49632 0.46094
326e-9 1.49945 0.48448
327e-9 1.50314 0.50095
328e-9 1.50707 0.52609
329e-9 1.51299 0.54036
330e-9 1.51931 0.56576
331e-9 1.52587 0.58477
332e-9 1.53287 0.60815
333e-9 1.54061 0.62921
334e-9 1.54893 0.64993
335e-9 1.55808 0.66677
336e-9 1.56787 0.68817
337e-9 1.57826 0.70922
338e-9 1.58947 0.72775
339e-9 1.60111 0.7456
340e-9 1.61325 0.7612
341e-9 1.62579 0.78001
342e-9 1.63873 0.79829
343e-9 1.65166 0.81477
344e-9 1.66466 0.83087
345e-9 1.67779 0.84862
346e-9 1.69061 0.85885
347e-9 1.70351 0.87883
348e-9 1.71619 0.89413
349e-9 1.72889 0.90773
350e-9 1.74135 0.91804
351e-9 1.75348 0.92806
352e-9 1.7654 0.94313
353e-9 1.77727 0.956
354e-9 1.78932 0.96488
355e-9 1.8013 0.972
356e-9 1.81331 0.97571
357e-9 1.82534 0.98893
358e-9 1.83766 0.99498
359e-9 1.84989 1.00039
360e-9 1.86237 1.00549
361e-9 1.87505 1.01573
362e-9 1.88771 1.01639
363e-9 1.9007 1.01553
364e-9 1.91385 1.01733
365e-9 1.92719 1.02381
366e-9 1.94059 1.02326
367e-9 1.95421 1.01781
368e-9 1.96786 1.01822
369e-9 1.98168 1.01185
370e-9 1.99584 1.01273
371e-9 2.01011 1.00424
372e-9 2.02451 0.99996
373e-9 2.03923 0.99153
374e-9 2.05411 0.98442
375e-9 2.06907 0.97519
376e-9 2.08431 0.97072
377e-9 2.0999 0.95931
378e-9 2.1158 0.94851
379e-9 2.13173 0.93694
380e-9 2.14764 0.92461
381e-9 2.16376 0.91045
382e-9 2.17924 0.89813
383e-9 2.19415 0.88064
384e-9 2.20817 0.86763
385e-9 2.22135 0.8533
386e-9 2.23332 0.83658
387e-9 2.24397 0.81711
388e-9 2.25317 0.80641
389e-9 2.26077 0.78816
390e-9 2.26673 0.77285
391e-9 2.27111 0.7578
392e-9 2.27386 0.73746
393e-9 2.27515 0.71952
394e-9 2.27485 0.69968
395e-9 2.27317 0.68335
396e-9 2.27026 0.66384
397e-9 2.26633 0.64696
398e-9 2.26152 0.62979
399e-9 2.25581 0.61254
400e-9 2.24942 0.59537
401e-9 2.24236 0.5748
402e-9 2.23472 0.55762
403e-9 2.22647 0.5385
404e-9 2.21762 0.52262
405e-9 2.20816 0.50256
406e-9 2.19798 0.48891
407e-9 2.18696 0.47295
408e-9 2.17509 0.45261
409e-9 2.16255 0.4404
410e-9 2.14962 0.42363
411e-9 2.13682 0.40657
412e-9 2.12455 0.39415
413e-9 2.11315 0.38015
414e-9 2.10272 0.36608
415e-9 2.09332 0.35612
416e-9 2.08483 0.3402
417e-9 2.07715 0.3305
418e-9 2.07012 0.32114
419e-9 2.06361 0.31154
420e-9 2.05751 0.2988
421e-9 2.05171 0.29276
422e-9 2.04609 0.28282
423e-9 2.04056 0.27689
424e-9 2.03507 0.26958
425e-9 2.02956 0.2634
426e-9 2.02398 0.25718
427e-9 2.01833 0.24996
428e-9 2.01263 0.24466
429e-9 2.00677 0.2411
430e-9 2.00075 0.2391
431e-9 1.99454 0.23432
432e-9 1.9882 0.22714
433e-9 1.9819 0.22469
434e-9 1.97568 0.22342
435e-9 1.96962 0.22094
436e-9 1.96375 0.21885
437e-9 1.95814 0.21454
438e-9 1.95282 0.21503
439e-9 1.94778 0.2109
440e-9 1.94309 0.21218
441e-9 1.93875 0.20984
442e-9 1.93466 0.20829
443e-9 1.93082 0.2049
444e-9 1.92711 0.20516
445e-9 1.92361 0.20419
446e-9 1.92032 0.2022
447e-9 1.91715 0.20163
448e-9 1.91404 0.19982
449e-9 1.91093 0.198
450e-9 1.9078 0.19927
451e-9 1.90477 0.1995
452e-9 1.90178 0.19704
453e-9 1.89876 0.19686
454e-9 1.89592 0.19667
455e-9 1.89325 0.19501
456e-9 1.8907 0.19461
457e-9 1.88823 0.19587
458e-9 1.88576 0.19441
459e-9 1.88341 0.19126
460e-9 1.88118 0.19104
461e-9 1.87898 0.19188
462e-9 1.87682 0.19124
463e-9 1.87466 0.19059
464e-9 1.87264 0.18845
465e-9 1.87069 0.19099
466e-9 1.86882 0.18798
467e-9 1.86705 0.18903
468e-9 1.8653 0.18793
469e-9 1.86361 0.18425
470e-9 1.86203 0.1855
471e-9 1.8605 0.18611
472e-9 1.85897 0.18542
473e-9 1.85744 0.18452
474e-9 1.85597 0.18404
475e-9 1.85452 0.18355
476e-9 1.85314 0.18285
477e-9 1.8518 0.18149
478e-9 1.85048 0.17989
479e-9 1.84922 0.17961
480e-9 1.84791 0.18043
481e-9 1.84666 0.17816
482e-9 1.84538 0.17831
483e-9 1.84415 0.17624
484e-9 1.84294 0.17749
485e-9 1.84172 0.17764
486e-9 1.84053 0.1731
487e-9 1.83939 0.1748
488e-9 1.8383 0.17337
489e-9 1.8372 0.17484
490e-9 1.83605 0.17385
491e-9 1.83487 0.17083
492e-9 1.83382 0.17073
493e-9 1.83279 0.16859
494e-9 1.83188 0.16938
495e-9 1.83105 0.16768
496e-9 1.83011 0.16757
497e-9 1.82916 0.16927
498e-9 1.82816 0.16459
499e-9 1.82722 0.16218
500e-9 1.82628 0.16182
501e-9 1.82539 0.16283
502e-9 1.82452 0.16292
503e-9 1.82363 0.16071
504e-9 1.82278 0.15964
505e-9 1.82198 0.1588
506e-9 1.82117 0.15935
507e-9 1.82036 0.15897
508e-9 1.81959 0.15556
509e-9 1.81883 0.15539
510e-9 1.8181 0.15687
511e-9 1.81733 0.15249
512e-9 1.81651 0.15396
513e-9 1.81566 0.15144
514e-9 1.81479 0.15032
515e-9 1.81397 0.14873
516e-9 1.81314 0.14665
517e-9 1.81231 0.14575
518e-9 1.8117 0.14532
519e-9 1.81111 0.14227
520e-9 1.81053 0.14779
521e-9 1.80991 0.1433
522e-9 1.80925 0.14333
523e-9 1.80864 0.14504
524e-9 1.80798 0.13643
525e-9 1.80734 0.13621
526e-9 1.80676 0.13864
527e-9 1.80618 0.13577
528e-9 1.80565 0.13699
529e-9 1.80508 0.13483
530e-9 1.80445 0.13314
531e-9 1.80387 0.13315
532e-9 1.80325 0.13315
533e-9 1.80266 0.13194
534e-9 1.80206 0.12925
535e-9 1.80142 0.12777
536e-9 1.80078 0.12801
537e-9 1.80011 0.12702
538e-9 1.79947 0.12578
539e-9 1.79876 0.12329
540e-9 1.79806 0.12575
541e-9 1.79737 0.12053
542e-9 1.79671 0.121
543e-9 1.7961 0.11923
544e-9 1.79541 0.11895
545e-9 1.79472 0.11967
546e-9 1.79398 0.12014
547e-9 1.79331 0.11935
548e-9 1.79259 0.11781
549e-9 1.79188 0.11702
550e-9 1.79117 0.11446
551e-9 1.79053 0.11467
552e-9 1.78983 0.11564
553e-9 1.7891 0.1161
554e-9 1.78838 0.11453
555e-9 1.78769 0.1122
556e-9 1.78708 0.11112
557e-9 1.78635 0.11132
558e-9 1.78567 0.1105
559e-9 1.78499 0.10865
560e-9 1.7843 0.10961
561e-9 1.78366 0.10878
562e-9 1.78294 0.1082
563e-9 1.78231 0.10478
564e-9 1.78165 0.10471
565e-9 1.78108 0.10412
566e-9 1.78047 0.10378
567e-9 1.77984 0.10526
568e-9 1.77924 0.10441
569e-9 1.77868 0.10068
570e-9 1.7781 0.10112
571e-9 1.77753 0.10051
572e-9 1.77695 0.10069
573e-9 1.77633 0.09955
574e-9 1.7758 0.09683
575e-9 1.77518 0.09858
576e-9 1.7746 0.09901
577e-9 1.774 0.09733
578e-9 1.77341 0.09379
579e-9 1.77284 0.09343
580e-9 1.7723 0.09385
581e-9 1.7718 0.09188
582e-9 1.77129 0.09071
583e-9 1.77069 0.0922
584e-9 1.77008 0.09423
585e-9 1.76948 0.09144
586e-9 1.76892 0.09375
587e-9 1.76841 0.09283
588e-9 1.76792 0.09191
589e-9 1.76744 0.09288
590e-9 1.76697 0.0925
591e-9 1.76644 0.09238
592e-9 1.76594 0.09607
593e-9 1.76546 0.09161
594e-9 1.765 0.09122
595e-9 1.76449 0.09219
596e-9 1.76401 0.09262
597e-9 1.76355 0.0914
598e-9 1.76311 0.08936
599e-9 1.76265 0.09089
600e-9 1.76219 0.08774
601e-9 1.76165 0.08706
602e-9 1.76115 0.08748
603e-9 1.76065 0.09039
604e-9 1.76019 0.0922
605e-9 1.75971 0.08736
606e-9 1.75922 0.08695
607e-9 1.75872 0.08598
608e-9 1.75821 0.08501
609e-9 1.75769 0.08626
610e-9 1.7572 0.08668
611e-9 1.7567 0.08767
612e-9 1.75625 0.08641
613e-9 1.7558 0.08486
614e-9 1.75537 0.085
615e-9 1.75494 0.08683
616e-9 1.75449 0.08584
617e-9 1.75402 0.08938
618e-9 1.75352 0.08782
619e-9 1.75302 0.08512
620e-9 1.75253 0.08526
621e-9 1.75208 0.08739
622e-9 1.75163 0.08582
623e-9 1.75117 0.08567
624e-9 1.75074 0.08553
625e-9 1.75039 0.08452
626e-9 1.75012 0.08609
627e-9 1.7499 0.08105
628e-9 1.74965 0.08204
629e-9 1.74943 0.08246
630e-9 1.74923 0.08028
631e-9 1.74907 0.08475
632e-9 1.74891 0.08228
633e-9 1.74872 0.08357
634e-9 1.7485 0.07992
635e-9 1.74826 0.07947
636e-9 1.748 0.08105
637e-9 1.74781 0.07884
638e-9 1.74769 0.07984
639e-9 1.7475 0.08085
640e-9 1.74733 0.07481
641e-9 1.74711 0.08257
642e-9 1.74695 0.07681
643e-9 1.74681 0.07752
644e-9 1.74664 0.07941
645e-9 1.7465 0.08131
646e-9 1.74634 0.08114
647e-9 1.74615 0.07652
648e-9 1.74601 0.07783
649e-9 1.7459 0.07914
650e-9 1.74581 0.08045
651e-9 1.7457 0.07729
652e-9 1.7456 0.0789
653e-9 1.74548 0.07843
654e-9 1.74537 0.07555
655e-9 1.74521 0.07476
656e-9 1.74507 0.06586
657e-9 1.74497 0.06656
658e-9 1.74489 0.06998
659e-9 1.74477 0.07703
660e-9 1.74468 0.07473
661e-9 1.74457 0.07666
662e-9 1.74446 0.07678
663e-9 1.7443 0.07416
664e-9 1.74416 0.07457
665e-9 1.74402 0.07408
666e-9 1.74391 0.07724
667e-9 1.74376 0.07674
668e-9 1.74362 0.07349
669e-9 1.74344 0.07697
670e-9 1.74326 0.07586
671e-9 1.74309 0.07659
672e-9 1.74292 0.07393
673e-9 1.74272 0.07558
674e-9 1.74256 0.07384
675e-9 1.7424 0.07209
676e-9 1.74221 0.07344
677e-9 1.74203 0.07758
678e-9 1.74189 0.07677
679e-9 1.74174 0.07314
680e-9 1.74161 0.07294
681e-9 1.74144 0.07586
682e-9 1.74123 0.07597
683e-9 1.74107 0.07577
684e-9 1.74087 0.07337
685e-9 1.74068 0.07442
686e-9 1.74043 0.06981
687e-9 1.74022 0.07401
688e-9 1.74009 0.07317
689e-9 1.74002 0.0717
690e-9 1.73994 0.07496
691e-9 1.73984 0.0681
692e-9 1.73974 0.06979
693e-9 1.73967 0.06576
694e-9 1.73962 0.07126
695e-9 1.73955 0.07136
696e-9 1.73944 0.06828
697e-9 1.73936 0.07125
698e-9 1.73925 0.06975
699e-9 1.73917 0.07113
700e-9 1.73908 0.07027
701e-9 1.73904 0.07037
702e-9 1.73902 0.0679
703e-9 1.73894 0.06606
704e-9 1.73889 0.06551
705e-9 1.7388 0.0711
706e-9 1.73872 0.06732
707e-9 1.7386 0.06709
708e-9 1.73847 0.06945
709e-9 1.73836 0.07053
710e-9 1.73823 0.07063
711e-9 1.73808 0.0691
712e-9 1.73798 0.06919
713e-9 1.7379 0.06864
714e-9 1.73783 0.07135
715e-9 1.73774 0.06916
716e-9 1.73766 0.07254
717e-9 1.73761 0.06869
718e-9 1.73752 0.06978
719e-9 1.73742 0.06757
720e-9 1.73737 0.06964
721e-9 1.73734 0.06709
722e-9 1.73731 0.06454
723e-9 1.73726 0.06529
724e-9 1.73725 0.06638
725e-9 1.73723 0.06414
726e-9 1.73724 0.06356
727e-9 1.73721 0.06399
728e-9 1.73722 0.0624
729e-9 1.73721 0.06216
730e-9 1.73721 0.06592
731e-9 1.73717 0.06434
732e-9 1.73714 0.06577
733e-9 1.73707 0.06485
734e-9 1.73699 0.0646
735e-9 1.7369 0.06031
736e-9 1.7368 0.06309
737e-9 1.73669 0.05777
738e-9 1.7366 0.06428
739e-9 1.73649 0.05962
740e-9 1.7364 0.06581
741e-9 1.73637 0.06114
742e-9 1.7363 0.05986
743e-9 1.73625 0.0671
744e-9 1.73618 0.0648
745e-9 1.73608 0.06728
746e-9 1.73597 0.06463
747e-9 1.7359 0.06712
748e-9 1.73582 0.06412
749e-9 1.73577 0.06489
750e-9 1.73574 0.06326
751e-9 1.73576 0.05887
752e-9 1.73571 0.06481
753e-9 1.73568 0.06317
754e-9 1.73562 0.06671
755e-9 1.73561 0.06853
756e-9 1.73559 0.06792
757e-9 1.73558 0.06663
758e-9 1.73557 0.06393
759e-9 1.7355 0.06123
760e-9 1.73545 0.06097
761e-9 1.73543 0.06209
762e-9 1.73537 0.06742
763e-9 1.73534 0.06436
764e-9 1.73532 0.06199
765e-9 1.73532 0.06172
766e-9 1.73529 0.05969
767e-9 1.73528 0.05485
768e-9 1.73531 0.0602
769e-9 1.73529 0.06204
770e-9 1.73528 0.05824
771e-9 1.73524 0.05231
772e-9 1.73524 0.05874
773e-9 1.73523 0.06059
774e-9 1.73518 0.05748
775e-9 1.73512 0.05116
776e-9 1.73512 0.05691
777e-9 1.73513 0.05556
778e-9 1.73516 0.0567
779e-9 1.7352 0.05035
780e-9 1.73524 0.04827
781e-9 1.73528 0.05227
782e-9 1.73528 0.05664
783e-9 1.7353 0.05527
784e-9 1.73535 0.05283
785e-9 1.73539 0.05722
786e-9 1.73542 0.05837
787e-9 1.73544 0.05628
788e-9 1.73549 0.05816
789e-9 1.73552 0.0557
790e-9 1.73556 0.05541
791e-9 1.73562 0.05802
792e-9 1.73568 0.06027
793e-9 1.73572 0.05525
794e-9 1.73577 0.05714
795e-9 1.73581 0.05685
796e-9 1.73583 0.05364
797e-9 1.73586 0.05371
798e-9 1.73587 0.05414
799e-9 1.7359 0.05384
800e-9 1.73591 0.05354
801e-9 1.73592 0.05251
802e-9 1.73594 0.05625
803e-9 1.73596 0.05411
804e-9 1.73604 0.05381
805e-9 1.73605 0.0524
806e-9 1.73606 0.05985
807e-9 1.7361 0.05475
808e-9 1.73612 0.0563
809e-9 1.73614 0.05266
810e-9 1.73617 0.04901
811e-9 1.73626 0.04944
812e-9 1.73634 0.05174
813e-9 1.73642 0.04957
814e-9 1.73651 0.05672
815e-9 1.73658 0.05044
816e-9 1.73666 0.04863
817e-9 1.73676 0.05543
818e-9 1.73682 0.05025
819e-9 1.73689 0.05218
820e-9 1.73694 0.05713
821e-9 1.73704 0.0493
822e-9 1.73709 0.05275
823e-9 1.73714 0.04603
824e-9 1.73719 0.04797
825e-9 1.73724 0.0537
826e-9 1.7373 0.05036
827e-9 1.73736 0.05762
828e-9 1.73742 0.05997
829e-9 1.73744 0.05624
830e-9 1.73749 0.04832
831e-9 1.7376 0.05676
832e-9 1.73765 0.05454
833e-9 1.73771 0.05155
834e-9 1.73778 0.05352
835e-9 1.73783 0.05244
836e-9 1.73791 0.04944
837e-9 1.73798 0.04834
838e-9 1.73802 0.0461
839e-9 1.73804 0.04846
840e-9 1.7381 0.05352
841e-9 1.73817 0.04202
842e-9 1.73825 0.04825
843e-9 1.73835 0.04173
844e-9 1.7384 0.04759
845e-9 1.73846 0.05113
846e-9 1.73851 0.0446
847e-9 1.73858 0.04543
848e-9 1.73868 0.04587
849e-9 1.73876 0.04592
850e-9 1.73884 0.04481
851e-9 1.73893 0.05032
852e-9 1.73901 0.05155
853e-9 1.73907 0.04888
854e-9 1.73914 0.0505
855e-9 1.73918 0.05291
856e-9 1.73917 0.04748
857e-9 1.73917 0.04282
858e-9 1.73921 0.04484
859e-9 1.73928 0.04568
860e-9 1.73935 0.04928
861e-9 1.73938 0.04539
862e-9 1.73937 0.04939
863e-9 1.73936 0.04945
864e-9 1.73935 0.04
865e-9 1.73931 0.03807
866e-9 1.73925 0.0389
867e-9 1.73917 0.04531
868e-9 1.73912 0.04058
869e-9 1.73903 0.05179
870e-9 1.73898 0.04507
871e-9 1.73895 0.04272
872e-9 1.73887 0.04117
873e-9 1.73882 0.04922
874e-9 1.73876 0.04207
875e-9 1.73872 0.05335
876e-9 1.73866 0.04497
877e-9 1.73857 0.04744
878e-9 1.73848 0.04065
879e-9 1.7384 0.03586
880e-9 1.73829 0.04195
881e-9 1.73818 0.03877
882e-9 1.73806 0.05175
883e-9 1.73799 0.04938
884e-9 1.73789 0.04052
885e-9 1.73779 0.03813
886e-9 1.73769 0.04346
887e-9 1.73768 0.04717
888e-9 1.73758 0.046
889e-9 1.73755 0.04523
890e-9 1.7375 0.04692
891e-9 1.73748 0.05228
892e-9 1.73748 0.04457
893e-9 1.73747 0.04871
894e-9 1.73754 0.04057
895e-9 1.73759 0.04021
896e-9 1.73761 0.04148
897e-9 1.73775 0.04153
898e-9 1.73788 0.04363
899e-9 1.73801 0.04492
900e-9 1.73813 0.04621
