lambda n k
300e-9 2.64194 0.78266
301e-9 2.65787 0.74074
302e-9 2.67381 0.71056
303e-9 2.6876 0.68565
304e-9 2.68634 0.66029
305e-9 2.68508 0.62974
306e-9 2.68382 0.59919
307e-9 2.68256 0.5702
308e-9 2.6813 0.54236
309e-9 2.68004 0.51452
310e-9 2.67878 0.48142
311e-9 2.67753 0.44549
312e-9 2.67627 0.41827
313e-9 2.66848 0.39366
314e-9 2.65824 0.37455
315e-9 2.648 0.35801
316e-9 2.63776 0.34146
317e-9 2.62752 0.32492
318e-9 2.61794 0.30919
319e-9 2.60899 0.29379
320e-9 2.60005 0.2784
321e-9 2.59111 0.26476
322e-9 2.58217 0.25411
323e-9 2.57323 0.24345
324e-9 2.56429 0.2328
325e-9 2.55509 0.22214
326e-9 2.54482 0.21176
327e-9 2.53456 0.20188
328e-9 2.5243 0.19199
329e-9 2.51404 0.18211
330e-9 2.50377 0.17222
331e-9 2.49351 0.16233
332e-9 2.48449 0.15664
333e-9 2.47557 0.15126
334e-9 2.46664 0.14588
335e-9 2.45772 0.1405
336e-9 2.44879 0.13512
337e-9 2.43986 0.12974
338e-9 2.43168 0.12436
339e-9 2.42387 0.11898
340e-9 2.41607 0.11361
341e-9 2.40826 0.10823
342e-9 2.40045 0.1038
343e-9 2.39264 0.10037
344e-9 2.38518 0.09694
345e-9 2.37825 0.09351
346e-9 2.37132 0.09009
347e-9 2.36439 0.08666
348e-9 2.35746 0.08323
349e-9 2.35052 0.0798
350e-9 2.34359 0.07637
351e-9 2.33676 0.07294
352e-9 2.33094 0.06951
353e-9 2.32512 0.06609
354e-9 2.3193 0.06403
355e-9 2.31347 0.06197
356e-9 2.30765 0.05991
357e-9 2.30183 0.05785
358e-9 2.29601 0.05579
359e-9 2.29019 0.05373
360e-9 2.28437 0.05167
361e-9 2.27924 0.04961
362e-9 2.27442 0.04755
363e-9 2.26961 0.04549
364e-9 2.26479 0.04343
365e-9 2.25998 0.04137
366e-9 2.25516 0.03973
367e-9 2.25034 0.03856
368e-9 2.24553 0.0374
369e-9 2.24071 0.03623
370e-9 2.2359 0.03506
371e-9 2.23108 0.0339
372e-9 2.22653 0.03273
373e-9 2.22302 0.03156
374e-9 2.21951 0.0304
375e-9 2.216 0.02923
376e-9 2.21249 0.02806
377e-9 2.20897 0.0269
378e-9 2.20546 0.02573
379e-9 2.20195 0.02483
380e-9 2.19844 0.02394
381e-9 2.19493 0.02305
382e-9 2.19142 0.02216
383e-9 2.18791 0.02128
384e-9 2.18439 0.02039
385e-9 2.18118 0.0195
386e-9 2.17812 0.01861
387e-9 2.17506 0.01773
388e-9 2.17199 0.01684
389e-9 2.16893 0.01595
390e-9 2.16587 0.01506
391e-9 2.1628 0.01431
392e-9 2.15974 0.01376
393e-9 2.15668 0.01321
394e-9 2.15361 0.01265
395e-9 2.15055 0.0121
396e-9 2.14748 0.01155
397e-9 2.14452 0.011
398e-9 2.14212 0.01044
399e-9 2.13973 0.00989
400e-9 2.13733 0.00934
401e-9 2.13494 0.00878
402e-9 2.13254 0.00823
403e-9 2.13015 0.00768
404e-9 2.12775 0.00761
405e-9 2.12536 0.00762
406e-9 2.12296 0.00763
407e-9 2.12057 0.00763
408e-9 2.11817 0.00764
409e-9 2.11578 0.00764
410e-9 2.11366 0.00765
411e-9 2.11171 0.00765
412e-9 2.10976 0.00766
413e-9 2.10781 0.00767
414e-9 2.10586 0.00767
415e-9 2.10392 0.00768
416e-9 2.10197 0.00755
417e-9 2.10002 0.00716
418e-9 2.09807 0.00678
419e-9 2.09612 0.00639
420e-9 2.09418 0.006
421e-9 2.09223 0.00562
422e-9 2.0903 0.00523
423e-9 2.08857 0.00485
424e-9 2.08685 0.00446
425e-9 2.08513 0.00408
426e-9 2.0834 0.00369
427e-9 2.08168 0.00331
428e-9 2.07995 0.00292
429e-9 2.07823 0.00263
430e-9 2.0765 0.00235
431e-9 2.07478 0.00208
432e-9 2.07305 0.00181
433e-9 2.07133 0.00153
434e-9 2.0696 0.00126
435e-9 2.06803 0.000986097
436e-9 2.06659 0.000712652
437e-9 2.06514 0.000439207
438e-9 2.0637 0.000165761
439e-9 2.06225 -0.000107684
440e-9 2.0608 -0.00038113
441e-9 2.05936 -0.000574929
442e-9 2.05791 -0.000569491
443e-9 2.05646 -0.000564054
444e-9 2.05502 -0.000558616
445e-9 2.05357 -0.000553178
446e-9 2.05213 -0.00054774
447e-9 2.05069 -0.000542303
448e-9 2.04959 -0.000536865
449e-9 2.04848 -0.000531427
450e-9 2.04738 -0.000525989
451e-9 2.04628 -0.000520552
452e-9 2.04518 -0.000515114
453e-9 2.04408 -0.000509676
454e-9 2.04297 -8.3173e-05
455e-9 2.04187 0.000480108
456e-9 2.04077 0.00104
457e-9 2.03967 0.00161
458e-9 2.03857 0.00217
459e-9 2.03746 0.00273
460e-9 2.03636 0.0033
461e-9 2.03526 0.00386
462e-9 2.03416 0.00442
463e-9 2.03306 0.00499
464e-9 2.03195 0.00555
465e-9 2.03085 0.00611
466e-9 2.02975 0.00658
467e-9 2.02865 0.00669
468e-9 2.02755 0.00681
469e-9 2.02644 0.00693
470e-9 2.02534 0.00705
471e-9 2.02424 0.00716
472e-9 2.02314 0.00728
473e-9 2.02204 0.0074
474e-9 2.02093 0.00751
475e-9 2.02012 0.00763
476e-9 2.01934 0.00775
477e-9 2.01856 0.00787
478e-9 2.01779 0.00798
479e-9 2.01701 0.00802
480e-9 2.01624 0.00803
481e-9 2.01546 0.00804
482e-9 2.01469 0.00804
483e-9 2.01391 0.00805
484e-9 2.01313 0.00805
485e-9 2.01236 0.00806
486e-9 2.01158 0.00806
487e-9 2.01083 0.00807
488e-9 2.0101 0.00807
489e-9 2.00938 0.00808
490e-9 2.00866 0.00809
491e-9 2.00794 0.00809
492e-9 2.00722 0.0081
493e-9 2.0065 0.0081
494e-9 2.00578 0.00811
495e-9 2.00506 0.00811
496e-9 2.00434 0.00812
497e-9 2.00362 0.00812
498e-9 2.0029 0.00813
499e-9 2.00218 0.00814
500e-9 2.00159 0.00814
501e-9 2.00104 0.00815
502e-9 2.00049 0.00815
503e-9 1.99994 0.00816
504e-9 1.99938 0.00816
505e-9 1.99883 0.00817
506e-9 1.99828 0.00817
507e-9 1.99773 0.00818
508e-9 1.99718 0.00818
509e-9 1.99662 0.00819
510e-9 1.99607 0.00819
511e-9 1.99552 0.0082
512e-9 1.99495 0.0082
513e-9 1.99434 0.00821
514e-9 1.99373 0.00821
515e-9 1.99312 0.00822
516e-9 1.99252 0.00821
517e-9 1.99191 0.00816
518e-9 1.9913 0.00811
519e-9 1.99069 0.00806
520e-9 1.99008 0.00801
521e-9 1.98947 0.00796
522e-9 1.98886 0.00791
523e-9 1.98825 0.00786
524e-9 1.98764 0.00781
525e-9 1.98716 0.00776
526e-9 1.98672 0.00771
527e-9 1.98628 0.00766
528e-9 1.98584 0.00761
529e-9 1.9854 0.00734
530e-9 1.98496 0.0069
531e-9 1.98452 0.00646
532e-9 1.98408 0.00602
533e-9 1.98364 0.00558
534e-9 1.9832 0.00514
535e-9 1.98276 0.0047
536e-9 1.98232 0.00426
537e-9 1.98187 0.00381
538e-9 1.98143 0.00337
539e-9 1.98099 0.00293
540e-9 1.98055 0.00249
541e-9 1.98011 0.00206
542e-9 1.97967 0.0019
543e-9 1.97923 0.00174
544e-9 1.97879 0.00158
545e-9 1.97834 0.00141
546e-9 1.9779 0.00125
547e-9 1.97746 0.00109
548e-9 1.97702 0.000927793
549e-9 1.97658 0.000765534
550e-9 1.97621 0.000603275
551e-9 1.97588 0.000441016
552e-9 1.97555 0.000278757
553e-9 1.97523 0.000116498
554e-9 1.9749 3.95348e-05
555e-9 1.97457 4.49725e-05
556e-9 1.97424 5.04103e-05
557e-9 1.97391 5.5848e-05
558e-9 1.97358 6.12857e-05
559e-9 1.97325 6.67235e-05
560e-9 1.97292 7.21612e-05
561e-9 1.97259 7.75989e-05
562e-9 1.97226 8.30367e-05
563e-9 1.97193 8.84744e-05
564e-9 1.9716 9.39121e-05
565e-9 1.97127 9.93499e-05
566e-9 1.97094 0.000104788
567e-9 1.97061 0.000110225
568e-9 1.97028 0.000115663
569e-9 1.96995 0.000121101
570e-9 1.96962 0.000126539
571e-9 1.96929 0.000131976
572e-9 1.96896 0.000137414
573e-9 1.96863 0.000142852
574e-9 1.9683 0.000148289
575e-9 1.96801 0.000153727
576e-9 1.96774 0.000159165
577e-9 1.96746 0.000164603
578e-9 1.96719 0.00017004
579e-9 1.96691 0.000175478
580e-9 1.96664 0.000180916
581e-9 1.96637 0.000186354
582e-9 1.96609 0.000191791
583e-9 1.96582 0.000197229
584e-9 1.96555 0.000202667
585e-9 1.96527 0.000208105
586e-9 1.965 0.000213542
587e-9 1.96472 0.00021898
588e-9 1.96439 0.000224418
589e-9 1.96406 0.000229855
590e-9 1.96373 0.000235293
591e-9 1.9634 0.000240731
592e-9 1.96308 0.000246169
593e-9 1.96275 0.000251606
594e-9 1.96242 0.000257044
595e-9 1.96209 0.000262482
596e-9 1.96176 0.00026792
597e-9 1.96143 0.000273357
598e-9 1.9611 0.000278795
599e-9 1.96077 0.000284233
600e-9 1.96054 0.000289671
601e-9 1.96038 0.000295108
602e-9 1.96021 0.000300546
603e-9 1.96005 0.000305984
604e-9 1.95989 0.000311421
605e-9 1.95973 0.000316859
606e-9 1.95957 0.000322297
607e-9 1.9594 0.000327735
608e-9 1.95924 0.000333172
609e-9 1.95908 0.00033861
610e-9 1.95892 0.000344048
611e-9 1.95876 0.000349486
612e-9 1.95859 0.000354923
613e-9 1.95838 0.000360361
614e-9 1.95816 0.000365799
615e-9 1.95794 0.000371237
616e-9 1.95772 0.000376674
617e-9 1.9575 0.000382112
618e-9 1.95729 0.00038755
619e-9 1.95707 0.000392987
620e-9 1.95685 0.000398425
621e-9 1.95663 0.000403863
622e-9 1.95641 0.000409301
623e-9 1.9562 0.000414738
624e-9 1.95598 0.000420176
625e-9 1.95576 0.000425614
626e-9 1.95554 0.000431052
627e-9 1.95533 0.000436489
628e-9 1.95511 0.000441927
629e-9 1.95489 0.000447365
630e-9 1.95467 0.000452803
631e-9 1.95445 0.00045824
632e-9 1.95424 0.000463678
633e-9 1.95402 0.000469116
634e-9 1.9538 0.000474553
635e-9 1.95358 0.000479991
636e-9 1.95336 0.000485429
637e-9 1.95315 0.000490867
638e-9 1.95304 0.000496304
639e-9 1.95293 0.000501742
640e-9 1.95282 0.00050718
641e-9 1.95272 0.000512618
642e-9 1.95261 0.000518055
643e-9 1.95251 0.000523493
644e-9 1.9524 0.000528931
645e-9 1.95229 0.000534369
646e-9 1.95219 0.000539806
647e-9 1.95208 0.000545244
648e-9 1.95198 0.000550682
649e-9 1.95187 0.000556119
650e-9 1.95174 0.000561557
651e-9 1.95158 0.000566995
652e-9 1.95141 0.000572433
653e-9 1.95125 0.00057787
654e-9 1.95109 0.000583308
655e-9 1.95093 0.000588746
656e-9 1.95077 0.000594184
657e-9 1.9506 0.000599622
658e-9 1.95044 0.000605059
659e-9 1.95028 0.000610497
660e-9 1.95012 0.000615935
661e-9 1.94996 0.000621373
662e-9 1.94979 0.000626811
663e-9 1.94963 0.000632248
664e-9 1.94947 0.000637686
665e-9 1.94931 0.000643124
666e-9 1.94915 0.000648562
667e-9 1.94898 0.000654
668e-9 1.94882 0.000659437
669e-9 1.94866 0.000664875
670e-9 1.9485 0.000670313
671e-9 1.94834 0.000675751
672e-9 1.94817 0.000681188
673e-9 1.94801 0.000686626
674e-9 1.94785 0.000692064
675e-9 1.94771 0.000697502
676e-9 1.9476 0.000702939
677e-9 1.9475 0.000708377
678e-9 1.94739 0.000713815
679e-9 1.94729 0.000719252
680e-9 1.94718 0.00072469
681e-9 1.94707 0.000730128
682e-9 1.94697 0.000735566
683e-9 1.94686 0.000741003
684e-9 1.94675 0.000746441
685e-9 1.94665 0.000751879
686e-9 1.94654 0.000757317
687e-9 1.94644 0.000762754
688e-9 1.94624 0.000768192
689e-9 1.94602 0.00077363
690e-9 1.9458 0.000779068
691e-9 1.94558 0.000784505
692e-9 1.94536 0.000789943
693e-9 1.94515 0.000795381
694e-9 1.94493 0.000800818
695e-9 1.94471 0.000806256
696e-9 1.94449 0.000811694
697e-9 1.94427 0.000817132
698e-9 1.94406 0.000822569
699e-9 1.94384 0.000828007
700e-9 1.94369 0.000833445
701e-9 1.9437 0.000838883
702e-9 1.9437 0.00084432
703e-9 1.94371 0.000849758
704e-9 1.94371 0.000855196
705e-9 1.94372 0.000860634
706e-9 1.94372 0.000866071
707e-9 1.94373 0.000871509
708e-9 1.94373 0.000876947
709e-9 1.94373 0.000882384
710e-9 1.94374 0.000887822
711e-9 1.94374 0.00089326
712e-9 1.94375 0.000898698
713e-9 1.94375 0.000904135
714e-9 1.94376 0.000909573
715e-9 1.94377 0.000915011
716e-9 1.94377 0.000920449
717e-9 1.94378 0.000925886
718e-9 1.94378 0.000931324
719e-9 1.94379 0.000936762
720e-9 1.94379 0.0009422
721e-9 1.9438 0.000947637
722e-9 1.9438 0.000953075
723e-9 1.94381 0.000958513
724e-9 1.94382 0.00096395
725e-9 1.94382 0.000969388
726e-9 1.94383 0.000974826
727e-9 1.94383 0.000980264
728e-9 1.94384 0.000985701
729e-9 1.94384 0.000991146
730e-9 1.94385 0.000996675
731e-9 1.94385 0.001
732e-9 1.94386 0.00101
733e-9 1.94387 0.00101
734e-9 1.94387 0.00102
735e-9 1.94388 0.00102
736e-9 1.94388 0.00103
737e-9 1.94389 0.00104
738e-9 1.94381 0.00104
739e-9 1.94371 0.00105
740e-9 1.9436 0.00105
741e-9 1.94349 0.00106
742e-9 1.94339 0.00106
743e-9 1.94328 0.00107
744e-9 1.94318 0.00107
745e-9 1.94307 0.00108
746e-9 1.94296 0.00109
747e-9 1.94286 0.00109
748e-9 1.94275 0.0011
749e-9 1.94265 0.0011
750e-9 1.94252 0.00111
751e-9 1.9423 0.00111
752e-9 1.94208 0.00112
753e-9 1.94186 0.00112
754e-9 1.94165 0.00113
755e-9 1.94143 0.00114
756e-9 1.94121 0.00114
757e-9 1.94099 0.00115
758e-9 1.94078 0.00115
759e-9 1.94056 0.00116
760e-9 1.94034 0.00116
761e-9 1.94012 0.00117
762e-9 1.9399 0.00117
763e-9 1.93983 0.00118
764e-9 1.93984 0.00119
765e-9 1.93984 0.00119
766e-9 1.93985 0.0012
767e-9 1.93986 0.0012
768e-9 1.93986 0.00121
769e-9 1.93987 0.00121
770e-9 1.93987 0.00122
771e-9 1.93988 0.00122
772e-9 1.93988 0.00123
773e-9 1.93989 0.00123
774e-9 1.9399 0.00124
775e-9 1.93987 0.00124
776e-9 1.93965 0.00125
777e-9 1.93944 0.00125
778e-9 1.93922 0.00125
779e-9 1.939 0.00126
780e-9 1.93878 0.00127
781e-9 1.93856 0.00127
782e-9 1.93835 0.00128
783e-9 1.93813 0.00128
784e-9 1.93791 0.00129
785e-9 1.93769 0.00129
786e-9 1.93747 0.0013
787e-9 1.93726 0.0013
788e-9 1.93711 0.00131
789e-9 1.937 0.00132
790e-9 1.93689 0.00132
791e-9 1.93679 0.00133
792e-9 1.93668 0.00133
793e-9 1.93658 0.00134
794e-9 1.93647 0.00134
795e-9 1.93636 0.00135
796e-9 1.93626 0.00135
797e-9 1.93615 0.00136
798e-9 1.93604 0.00137
799e-9 1.93594 0.00137
800e-9 1.93584 0.00138
