lambda n k
350e-9 1.77716 0.19547
351e-9 1.77921 0.1966
352e-9 1.78126 0.19774
353e-9 1.78331 0.19799
354e-9 1.78536 0.19744
355e-9 1.78979 0.19689
356e-9 1.7944 0.19635
357e-9 1.79901 0.1958
358e-9 1.80265 0.19525
359e-9 1.80511 0.1947
360e-9 1.80758 0.19354
361e-9 1.81004 0.19167
362e-9 1.8125 0.18979
363e-9 1.81681 0.18514
364e-9 1.82736 0.17935
365e-9 1.83864 0.17355
366e-9 1.85104 0.16231
367e-9 1.85804 0.14924
368e-9 1.86219 0.13472
369e-9 1.86634 0.12203
370e-9 1.87049 0.10986
371e-9 1.87464 0.09712
372e-9 1.87727 0.08023
373e-9 1.8779 0.07732
374e-9 1.87852 0.07214
375e-9 1.87915 0.05501
376e-9 1.87978 0.04922
377e-9 1.87937 0.04402
378e-9 1.87509 0.03881
379e-9 1.87081 0.0336
380e-9 1.86653 0.02722
381e-9 1.8588 0.02041
382e-9 1.8491 0.0136
383e-9 1.84069 0.01192
384e-9 1.83257 0.01092
385e-9 1.82519 0.00991
386e-9 1.81876 0.00891
387e-9 1.81366 0.0079
388e-9 1.80857 0.0069
389e-9 1.80348 0.00589
390e-9 1.79841 0.00538
391e-9 1.79334 0.00499
392e-9 1.78827 0.00459
393e-9 1.78408 0.00419
394e-9 1.78095 0.00379
395e-9 1.77783 0.00339
396e-9 1.7747 0.003
397e-9 1.77189 0.0026
398e-9 1.76912 0.0022
399e-9 1.76635 0.0018
400e-9 1.76359 0.00177
401e-9 1.76082 0.00174
402e-9 1.75865 0.00171
403e-9 1.75681 0.00167
404e-9 1.75496 0.00164
405e-9 1.75312 0.00161
406e-9 1.75127 0.00158
407e-9 1.74942 0.00155
408e-9 1.74758 0.00151
409e-9 1.74545 0.00148
410e-9 1.74319 0.00145
411e-9 1.74093 0.00142
412e-9 1.73869 0.00139
413e-9 1.73653 0.00136
414e-9 1.73437 0.00132
415e-9 1.73222 0.00129
416e-9 1.73006 0.00126
417e-9 1.72791 0.00123
418e-9 1.72645 0.0012
419e-9 1.72507 0.00117
420e-9 1.7237 0.00116
421e-9 1.72232 0.00116
422e-9 1.72095 0.00116
423e-9 1.71957 0.00115
424e-9 1.7182 0.00115
425e-9 1.71767 0.00114
426e-9 1.71721 0.00114
427e-9 1.71675 0.00113
428e-9 1.71629 0.00113
429e-9 1.71582 0.00112
430e-9 1.71536 0.00112
431e-9 1.7149 0.00111
432e-9 1.71444 0.00111
433e-9 1.71397 0.0011
434e-9 1.71351 0.0011
435e-9 1.71292 0.00109
436e-9 1.71214 0.00109
437e-9 1.71136 0.00109
438e-9 1.71058 0.00108
439e-9 1.7098 0.00108
440e-9 1.70902 0.00107
441e-9 1.70824 0.00107
442e-9 1.70746 0.00106
443e-9 1.70668 0.00106
444e-9 1.7059 0.00105
445e-9 1.70512 0.00105
446e-9 1.70434 0.00104
447e-9 1.70356 0.00104
448e-9 1.70275 0.00103
449e-9 1.70195 0.00103
450e-9 1.70115 0.00103
451e-9 1.70034 0.00102
452e-9 1.69954 0.00102
453e-9 1.69874 0.00101
454e-9 1.69793 0.00101
455e-9 1.69713 0.001
456e-9 1.69633 0.0
457e-9 1.69552 0.0
458e-9 1.69472 0.0
459e-9 1.69392 0.0
460e-9 1.69312 0.0
461e-9 1.69232 0.0
462e-9 1.69163 0.0
463e-9 1.69094 0.0
464e-9 1.69026 0.0
465e-9 1.68957 0.0
466e-9 1.68888 0.0
467e-9 1.68819 0.0
468e-9 1.6875 0.0
469e-9 1.68681 0.0
470e-9 1.68612 0.0
471e-9 1.68543 0.0
472e-9 1.68474 0.0
473e-9 1.68405 0.0
474e-9 1.68336 0.0
475e-9 1.68271 0.0
476e-9 1.6824 0.0
477e-9 1.6821 0.0
478e-9 1.68179 0.0
479e-9 1.68149 0.0
480e-9 1.68118 0.0
481e-9 1.68088 0.0
482e-9 1.68057 0.0
483e-9 1.68027 0.0
484e-9 1.67997 0.0
485e-9 1.67966 0.0
486e-9 1.67936 0.0
487e-9 1.67905 0.0
488e-9 1.67875 0.0
489e-9 1.67844 0.0
490e-9 1.67814 0.0
491e-9 1.67784 0.0
492e-9 1.67753 0.0
493e-9 1.67723 0.0
494e-9 1.67692 0.0
495e-9 1.67662 0.0
496e-9 1.67632 0.0
497e-9 1.67609 0.0
498e-9 1.67587 0.0
499e-9 1.67564 0.0
500e-9 1.67541 0.0
501e-9 1.67518 0.0
502e-9 1.67495 0.0
503e-9 1.67473 0.0
504e-9 1.6745 0.0
505e-9 1.67427 0.0
506e-9 1.67404 0.0
507e-9 1.67382 0.0
508e-9 1.67359 0.0
509e-9 1.67336 0.0
510e-9 1.67314 0.0
511e-9 1.67295 0.0
512e-9 1.67277 0.0
513e-9 1.67259 0.0
514e-9 1.67241 0.0
515e-9 1.67222 0.0
516e-9 1.67204 0.0
517e-9 1.67186 0.0
518e-9 1.67168 0.0
519e-9 1.67149 0.0
520e-9 1.67131 0.0
521e-9 1.67113 0.0
522e-9 1.67095 0.0
523e-9 1.67076 0.0
524e-9 1.67058 0.0
525e-9 1.6704 0.0
526e-9 1.67022 0.0
527e-9 1.67003 0.0
528e-9 1.66976 0.0
529e-9 1.66941 0.0
530e-9 1.66906 0.0
531e-9 1.66871 0.0
532e-9 1.66837 0.0
533e-9 1.66802 0.0
534e-9 1.66767 0.0
535e-9 1.66732 0.0
536e-9 1.66697 0.0
537e-9 1.66663 0.0
538e-9 1.66628 0.0
539e-9 1.66593 0.0
540e-9 1.66558 0.0
541e-9 1.66524 0.0
542e-9 1.665 0.0
543e-9 1.66485 0.0
544e-9 1.6647 0.0
545e-9 1.66454 0.0
546e-9 1.66439 0.0
547e-9 1.66424 0.0
548e-9 1.66409 0.0
549e-9 1.66394 0.0
550e-9 1.66379 0.0
551e-9 1.66364 0.0
552e-9 1.66348 0.0
553e-9 1.66328 0.0
554e-9 1.66308 0.0
555e-9 1.66287 0.0
556e-9 1.66267 0.0
557e-9 1.66247 0.0
558e-9 1.66227 0.0
559e-9 1.66206 0.0
560e-9 1.66186 0.0
561e-9 1.66166 0.0
562e-9 1.66146 0.0
563e-9 1.66125 0.0
564e-9 1.66105 0.0
565e-9 1.66085 0.0
566e-9 1.66065 0.0
567e-9 1.66044 0.0
568e-9 1.66027 0.0
569e-9 1.66019 0.0
570e-9 1.66011 0.0
571e-9 1.66002 0.0
572e-9 1.65994 0.0
573e-9 1.65986 0.0
574e-9 1.65978 0.0
575e-9 1.65969 0.0
576e-9 1.65961 0.0
577e-9 1.65953 0.0
578e-9 1.65944 0.0
579e-9 1.65936 0.0
580e-9 1.65928 0.0
581e-9 1.65919 0.0
582e-9 1.65911 0.0
583e-9 1.65903 0.0
584e-9 1.65895 0.0
585e-9 1.65886 0.0
586e-9 1.65878 0.0
587e-9 1.65869 0.0
588e-9 1.65854 0.0
589e-9 1.65839 0.0
590e-9 1.65824 0.0
591e-9 1.65809 0.0
592e-9 1.65793 0.0
593e-9 1.65778 0.0
594e-9 1.65763 0.0
595e-9 1.65748 0.0
596e-9 1.65733 0.0
597e-9 1.65717 0.0
598e-9 1.65702 0.0
599e-9 1.65687 0.0
600e-9 1.65672 0.0
601e-9 1.65656 0.0
602e-9 1.65641 0.0
603e-9 1.65626 0.0
604e-9 1.65611 0.0
605e-9 1.65596 0.0
606e-9 1.6558 0.0
607e-9 1.65565 0.0
608e-9 1.65549 0.0
609e-9 1.65518 0.0
610e-9 1.65487 0.0
611e-9 1.65456 0.0
612e-9 1.65425 0.0
613e-9 1.65395 0.0
614e-9 1.65364 0.0
615e-9 1.65333 0.0
616e-9 1.65302 0.0
617e-9 1.65271 0.0
618e-9 1.6524 0.0
619e-9 1.65209 0.0
620e-9 1.65178 0.0
621e-9 1.65147 0.0
622e-9 1.65116 0.0
623e-9 1.65085 0.0
624e-9 1.65061 0.0
625e-9 1.65053 0.0
626e-9 1.65044 0.0
627e-9 1.65036 0.0
628e-9 1.65028 0.0
629e-9 1.6502 0.0
630e-9 1.65011 0.0
631e-9 1.65003 0.0
632e-9 1.64995 0.0
633e-9 1.64987 0.0
634e-9 1.64978 0.0
635e-9 1.6497 0.0
636e-9 1.64962 0.0
637e-9 1.64954 0.0
638e-9 1.64945 0.0
639e-9 1.64937 0.0
640e-9 1.64929 0.0
641e-9 1.64921 0.0
642e-9 1.64912 0.0
643e-9 1.64904 0.0
644e-9 1.64875 0.0
645e-9 1.64844 0.0
646e-9 1.64814 0.0
647e-9 1.64783 0.0
648e-9 1.64753 0.0
649e-9 1.64723 0.0
650e-9 1.64692 0.0
651e-9 1.64662 0.0
652e-9 1.64631 0.0
653e-9 1.64601 0.0
654e-9 1.64571 0.0
655e-9 1.6454 0.0
656e-9 1.6451 0.0
657e-9 1.64479 0.0
658e-9 1.64449 0.0
659e-9 1.64425 0.0
660e-9 1.64425 0.0
661e-9 1.64425 0.0
662e-9 1.64425 0.0
663e-9 1.64425 0.0
664e-9 1.64425 0.0
665e-9 1.64425 0.0
666e-9 1.64425 0.0
667e-9 1.64425 0.0
668e-9 1.64425 0.0
669e-9 1.64425 0.0
670e-9 1.64425 0.0
671e-9 1.64425 0.0
672e-9 1.64425 0.0
673e-9 1.64425 0.0
674e-9 1.64425 0.0
675e-9 1.64425 0.0
676e-9 1.64425 0.0
677e-9 1.64418 0.0
678e-9 1.64409 0.0
679e-9 1.644 0.0
680e-9 1.64391 0.0
681e-9 1.64382 0.0
682e-9 1.64373 0.0
683e-9 1.64364 0.0
684e-9 1.64354 0.0
685e-9 1.64345 0.0
686e-9 1.64336 0.0
687e-9 1.64327 0.0
688e-9 1.64318 0.0
689e-9 1.64309 0.0
690e-9 1.643 0.0
691e-9 1.64291 0.0
692e-9 1.64281 0.0
693e-9 1.64272 0.0
694e-9 1.64261 0.0
695e-9 1.64243 0.0
696e-9 1.64224 0.0
697e-9 1.64205 0.0
698e-9 1.64186 0.0
699e-9 1.64168 0.0
700e-9 1.64149 0.0
701e-9 1.6413 0.0
702e-9 1.64112 0.0
703e-9 1.64093 0.0
704e-9 1.64074 0.0
705e-9 1.64055 0.0
706e-9 1.64037 0.0
707e-9 1.64018 0.0
708e-9 1.63999 0.0
709e-9 1.6398 0.0
710e-9 1.63962 0.0
711e-9 1.63943 0.0
712e-9 1.63937 0.0
713e-9 1.63937 0.0
714e-9 1.63937 0.0
715e-9 1.63937 0.0
716e-9 1.63937 0.0
717e-9 1.63937 0.0
718e-9 1.63937 0.0
719e-9 1.63937 0.0
720e-9 1.63937 0.0
721e-9 1.63937 0.0
722e-9 1.63937 0.0
723e-9 1.63937 0.0
724e-9 1.63937 0.0
725e-9 1.63937 0.0
726e-9 1.63937 0.0
727e-9 1.63937 0.0
728e-9 1.63937 0.0
729e-9 1.63937 0.0
730e-9 1.63937 0.0
731e-9 1.63937 0.0
732e-9 1.63937 0.0
733e-9 1.63937 0.0
734e-9 1.63937 0.0
735e-9 1.63937 0.0
736e-9 1.63937 0.0
737e-9 1.63937 0.0
738e-9 1.63937 0.0
739e-9 1.63937 0.0
740e-9 1.63937 0.0
741e-9 1.63937 0.0
742e-9 1.63937 0.0
743e-9 1.63937 0.0
744e-9 1.63937 0.0
745e-9 1.63937 0.0
746e-9 1.63937 0.0
747e-9 1.63937 0.0
748e-9 1.63937 0.0
749e-9 1.63937 0.0
750e-9 1.63937 0.0
751e-9 1.63937 0.0
752e-9 1.63931 0.0
753e-9 1.63916 0.0
754e-9 1.63901 0.0
755e-9 1.63886 0.0
756e-9 1.63871 0.0
757e-9 1.63855 0.0
758e-9 1.6384 0.0
759e-9 1.63825 0.0
760e-9 1.6381 0.0
761e-9 1.63795 0.0
762e-9 1.63779 0.0
763e-9 1.63764 0.0
764e-9 1.63749 0.0
765e-9 1.63734 0.0
766e-9 1.63718 0.0
767e-9 1.63703 0.0
768e-9 1.63688 0.0
769e-9 1.63673 0.0
770e-9 1.63658 0.0
771e-9 1.63642 0.0
772e-9 1.63627 0.0
773e-9 1.63621 0.0
774e-9 1.63627 0.0
775e-9 1.63634 0.0
776e-9 1.6364 0.0
777e-9 1.63647 0.0
778e-9 1.63653 0.0
779e-9 1.6366 0.0
780e-9 1.63666 0.0
781e-9 1.63673 0.0
782e-9 1.63679 0.0
783e-9 1.63686 0.0
784e-9 1.63692 0.0
785e-9 1.63699 0.0
786e-9 1.63706 0.0
787e-9 1.63712 0.0
788e-9 1.63719 0.0
789e-9 1.63725 0.0
790e-9 1.63732 0.0
791e-9 1.63738 0.0
792e-9 1.63745 0.0
793e-9 1.63751 0.0
794e-9 1.63758 0.0
795e-9 1.63764 0.0
796e-9 1.63771 0.0
797e-9 1.63777 0.0
798e-9 1.63778 0.0
799e-9 1.63778 0.0
800e-9 1.63778 0.0
801e-9 1.63778 0.0
802e-9 1.63778 0.0
803e-9 1.63778 0.0
804e-9 1.63778 0.0
805e-9 1.63778 0.0
806e-9 1.63778 0.0
807e-9 1.63778 0.0
808e-9 1.63778 0.0
809e-9 1.63778 0.0
810e-9 1.63778 0.0
811e-9 1.63778 0.0
812e-9 1.63778 0.0
813e-9 1.63778 0.0
814e-9 1.63778 0.0
815e-9 1.63778 0.0
816e-9 1.63778 0.0
817e-9 1.63778 0.0
818e-9 1.63778 0.0
819e-9 1.63778 0.0
820e-9 1.63778 0.0
821e-9 1.63778 0.0
822e-9 1.63778 0.0
823e-9 1.63778 0.0
824e-9 1.63778 0.0
825e-9 1.63778 0.0
826e-9 1.63778 0.0
827e-9 1.63778 0.0
828e-9 1.63778 0.0
829e-9 1.63778 0.0
830e-9 1.63778 0.0
831e-9 1.63778 0.0
832e-9 1.63778 0.0
833e-9 1.63778 0.0
834e-9 1.63778 0.0
835e-9 1.63778 0.0
836e-9 1.63778 0.0
837e-9 1.63778 0.0
838e-9 1.63778 0.0
839e-9 1.63778 0.0
840e-9 1.63778 0.0
841e-9 1.63778 0.0
842e-9 1.63778 0.0
843e-9 1.63778 0.0
844e-9 1.63778 0.0
845e-9 1.63778 0.0
846e-9 1.63778 0.0
847e-9 1.63778 0.0
848e-9 1.63778 0.0
849e-9 1.63778 0.0
850e-9 1.63778 0.0
851e-9 1.63778 0.0
852e-9 1.63778 0.0
853e-9 1.63778 0.0
854e-9 1.63778 0.0
855e-9 1.63778 0.0
856e-9 1.63778 0.0
857e-9 1.63778 0.0
858e-9 1.63778 0.0
859e-9 1.63778 0.0
860e-9 1.63778 0.0
861e-9 1.63778 0.0
862e-9 1.63777 0.0
863e-9 1.63764 0.0
864e-9 1.63751 0.0
865e-9 1.63738 0.0
866e-9 1.63725 0.0
867e-9 1.63712 0.0
868e-9 1.63698 0.0
869e-9 1.63685 0.0
870e-9 1.63672 0.0
871e-9 1.63659 0.0
872e-9 1.63646 0.0
873e-9 1.63633 0.0
874e-9 1.6362 0.0
875e-9 1.63607 0.0
876e-9 1.63594 0.0
877e-9 1.63581 0.0
878e-9 1.63568 0.0
879e-9 1.63555 0.0
880e-9 1.63542 0.0
881e-9 1.63529 0.0
882e-9 1.63516 0.0
883e-9 1.63503 0.0
884e-9 1.6349 0.0
885e-9 1.63477 0.0
886e-9 1.63464 0.0
887e-9 1.63458 0.0
888e-9 1.63458 0.0
889e-9 1.63458 0.0
890e-9 1.63458 0.0
891e-9 1.63458 0.0
892e-9 1.63458 0.0
893e-9 1.63458 0.0
894e-9 1.63458 0.0
895e-9 1.63458 0.0
896e-9 1.63458 0.0
897e-9 1.63458 0.0
898e-9 1.63458 0.0
899e-9 1.63458 0.0
900e-9 1.63458 0.0
901e-9 1.63458 0.0
902e-9 1.63458 0.0
903e-9 1.63458 0.0
904e-9 1.63458 0.0
905e-9 1.63458 0.0
906e-9 1.63458 0.0
907e-9 1.63458 0.0
908e-9 1.63458 0.0
909e-9 1.63458 0.0
910e-9 1.63458 0.0
911e-9 1.63458 0.0
912e-9 1.63458 0.0
913e-9 1.63458 0.0
914e-9 1.63458 0.0
915e-9 1.63458 0.0
916e-9 1.63458 0.0
917e-9 1.63458 0.0
918e-9 1.63458 0.0
919e-9 1.63458 0.0
920e-9 1.63458 0.0
921e-9 1.63458 0.0
922e-9 1.63458 0.0
923e-9 1.63458 0.0
924e-9 1.63458 0.0
925e-9 1.63458 0.0
926e-9 1.63458 0.0
927e-9 1.63458 0.0
928e-9 1.63458 0.0
929e-9 1.63458 0.0
930e-9 1.63458 0.0
931e-9 1.63458 0.0
932e-9 1.63458 0.0
933e-9 1.63458 0.0
934e-9 1.63458 0.0
935e-9 1.63458 0.0
936e-9 1.63458 0.0
937e-9 1.63458 0.0
938e-9 1.63458 0.0
939e-9 1.63458 0.0
940e-9 1.63458 0.0
941e-9 1.63458 0.0
942e-9 1.63458 0.0
943e-9 1.63458 0.0
944e-9 1.63458 0.0
945e-9 1.63458 0.0
946e-9 1.63458 0.0
947e-9 1.63458 0.0
948e-9 1.63458 0.0
949e-9 1.63458 0.0
950e-9 1.63458 0.0
951e-9 1.63458 0.0
952e-9 1.63458 0.0
953e-9 1.63458 0.0
954e-9 1.63458 0.0
955e-9 1.63458 0.0
956e-9 1.63458 0.0
957e-9 1.63458 0.0
958e-9 1.63458 0.0
959e-9 1.63458 0.0
960e-9 1.63458 0.0
961e-9 1.63458 0.0
962e-9 1.63458 0.0
963e-9 1.63458 0.0
964e-9 1.63458 0.0
965e-9 1.63458 0.0
966e-9 1.63458 0.0
967e-9 1.63458 0.0
968e-9 1.63458 0.0
969e-9 1.63458 0.0
970e-9 1.63458 0.0
971e-9 1.63458 0.0
972e-9 1.63458 0.0
973e-9 1.63458 0.0
974e-9 1.63458 0.0
975e-9 1.63458 0.0
976e-9 1.63458 0.0
977e-9 1.63458 0.0
978e-9 1.63458 0.0
979e-9 1.63458 0.0
980e-9 1.63458 0.0
981e-9 1.63458 0.0
982e-9 1.63458 0.0
983e-9 1.63458 0.0
984e-9 1.63458 0.0
985e-9 1.63458 0.0
986e-9 1.63458 0.0
987e-9 1.63458 0.0
988e-9 1.63458 0.0
989e-9 1.63458 0.0
990e-9 1.63458 0.0
991e-9 1.63458 0.0
992e-9 1.63458 0.0
993e-9 1.63458 0.0
994e-9 1.63458 0.0
995e-9 1.63458 0.0
996e-9 1.63458 0.0
997e-9 1.63458 0.0
998e-9 1.63458 0.0
999e-9 1.63458 0.0
1000e-9 1.63458 0.0
