lambda n k
300e-9 1.37462 0.09374
301e-9 1.37675 0.09306
302e-9 1.37875 0.09224
303e-9 1.3807 0.09137
304e-9 1.38257 0.09042
305e-9 1.38434 0.08938
306e-9 1.38605 0.0883
307e-9 1.38765 0.08714
308e-9 1.38917 0.08593
309e-9 1.39064 0.0847
310e-9 1.39199 0.08339
311e-9 1.39328 0.08207
312e-9 1.3945 0.08071
313e-9 1.39561 0.07932
314e-9 1.39668 0.07792
315e-9 1.39766 0.07649
316e-9 1.39856 0.07505
317e-9 1.39942 0.0736
318e-9 1.40018 0.07213
319e-9 1.40089 0.07067
320e-9 1.40154 0.0692
321e-9 1.4021 0.06773
322e-9 1.40263 0.06626
323e-9 1.40309 0.0648
324e-9 1.40349 0.06335
325e-9 1.40386 0.0619
326e-9 1.40414 0.06047
327e-9 1.4044 0.05905
328e-9 1.40461 0.05764
329e-9 1.40475 0.05626
330e-9 1.40487 0.05488
331e-9 1.40494 0.05352
332e-9 1.40497 0.05218
333e-9 1.40497 0.05086
334e-9 1.40492 0.04956
335e-9 1.40485 0.04828
336e-9 1.40474 0.04702
337e-9 1.40459 0.04579
338e-9 1.40443 0.04458
339e-9 1.40423 0.04338
340e-9 1.404 0.04222
341e-9 1.40376 0.04107
342e-9 1.40348 0.03995
343e-9 1.40318 0.03885
344e-9 1.40287 0.03777
345e-9 1.40253 0.03673
346e-9 1.40218 0.0357
347e-9 1.40181 0.03469
348e-9 1.40142 0.03371
349e-9 1.40103 0.03275
350e-9 1.40061 0.03181
351e-9 1.40018 0.0309
352e-9 1.39975 0.03
353e-9 1.3993 0.02914
354e-9 1.39884 0.02829
355e-9 1.39837 0.02746
356e-9 1.39789 0.02666
357e-9 1.39741 0.02587
358e-9 1.39692 0.02511
359e-9 1.39642 0.02437
360e-9 1.39592 0.02364
361e-9 1.39542 0.02294
362e-9 1.39491 0.02225
363e-9 1.39439 0.02159
364e-9 1.39388 0.02094
365e-9 1.39336 0.02031
366e-9 1.39284 0.0197
367e-9 1.39231 0.0191
368e-9 1.39179 0.01852
369e-9 1.39127 0.01796
370e-9 1.39074 0.01742
371e-9 1.39022 0.01689
372e-9 1.3897 0.01637
373e-9 1.38917 0.01587
374e-9 1.38865 0.01539
375e-9 1.38813 0.01492
376e-9 1.38761 0.01446
377e-9 1.3871 0.01402
378e-9 1.38658 0.01359
379e-9 1.38607 0.01317
380e-9 1.38556 0.01277
381e-9 1.38506 0.01237
382e-9 1.38455 0.01199
383e-9 1.38405 0.01163
384e-9 1.38356 0.01127
385e-9 1.38306 0.01092
386e-9 1.38257 0.01058
387e-9 1.38209 0.01026
388e-9 1.3816 0.00994
389e-9 1.38113 0.00963
390e-9 1.38065 0.00934
391e-9 1.38018 0.00905
392e-9 1.37971 0.00877
393e-9 1.37925 0.0085
394e-9 1.37879 0.00824
395e-9 1.37834 0.00798
396e-9 1.37789 0.00774
397e-9 1.37744 0.0075
398e-9 1.377 0.00727
399e-9 1.37656 0.00705
400e-9 1.37613 0.00683
401e-9 1.3757 0.00662
402e-9 1.37528 0.00642
403e-9 1.37486 0.00622
404e-9 1.37444 0.00603
405e-9 1.37403 0.00584
406e-9 1.37362 0.00566
407e-9 1.37322 0.00549
408e-9 1.37282 0.00532
409e-9 1.37243 0.00516
410e-9 1.37204 0.005
411e-9 1.37166 0.00485
412e-9 1.37128 0.0047
413e-9 1.3709 0.00456
414e-9 1.37053 0.00442
415e-9 1.37016 0.00429
416e-9 1.3698 0.00416
417e-9 1.36944 0.00403
418e-9 1.36908 0.00391
419e-9 1.36873 0.00379
420e-9 1.36838 0.00368
421e-9 1.36804 0.00357
422e-9 1.3677 0.00346
423e-9 1.36736 0.00335
424e-9 1.36703 0.00325
425e-9 1.3667 0.00316
426e-9 1.36638 0.00306
427e-9 1.36606 0.00297
428e-9 1.36574 0.00288
429e-9 1.36543 0.00279
430e-9 1.36512 0.00271
431e-9 1.36482 0.00263
432e-9 1.36451 0.00255
433e-9 1.36422 0.00248
434e-9 1.36392 0.0024
435e-9 1.36363 0.00233
436e-9 1.36334 0.00226
437e-9 1.36306 0.0022
438e-9 1.36277 0.00213
439e-9 1.3625 0.00207
440e-9 1.36222 0.00201
441e-9 1.36195 0.00195
442e-9 1.36168 0.00189
443e-9 1.36141 0.00184
444e-9 1.36115 0.00178
445e-9 1.36089 0.00173
446e-9 1.36063 0.00168
447e-9 1.36038 0.00163
448e-9 1.36013 0.00159
449e-9 1.35988 0.00154
450e-9 1.35964 0.0015
451e-9 1.35939 0.00145
452e-9 1.35916 0.00141
453e-9 1.35892 0.00137
454e-9 1.35868 0.00133
455e-9 1.35845 0.00129
456e-9 1.35822 0.00126
457e-9 1.358 0.00122
458e-9 1.35777 0.00119
459e-9 1.35755 0.00115
460e-9 1.35733 0.00112
461e-9 1.35711 0.00109
462e-9 1.3569 0.00106
463e-9 1.35669 0.00103
464e-9 1.35648 0.000998814
465e-9 1.35627 0.000970578
466e-9 1.35607 0.00094335
467e-9 1.35586 0.000916763
468e-9 1.35566 0.000891665
469e-9 1.35546 0.000866952
470e-9 1.35526 0.000842507
471e-9 1.35507 0.00081929
472e-9 1.35488 0.00079661
473e-9 1.35469 0.000774648
474e-9 1.3545 0.000753733
475e-9 1.35431 0.000733176
476e-9 1.35413 0.000713096
477e-9 1.35395 0.000693421
478e-9 1.35376 0.000674035
479e-9 1.35359 0.000655837
480e-9 1.35341 0.000637928
481e-9 1.35323 0.000620357
482e-9 1.35306 0.000603873
483e-9 1.35289 0.000587728
484e-9 1.35272 0.000572039
485e-9 1.35255 0.000556776
486e-9 1.35238 0.000541769
487e-9 1.35222 0.000527335
488e-9 1.35206 0.000513209
489e-9 1.35189 0.000499402
490e-9 1.35173 0.000486159
491e-9 1.35158 0.000473172
492e-9 1.35142 0.00046062
493e-9 1.35126 0.000448514
494e-9 1.35111 0.000436664
495e-9 1.35096 0.000425367
496e-9 1.35081 0.00041407
497e-9 1.35066 0.000402773
498e-9 1.35051 0.000392645
499e-9 1.35036 0.000382603
500e-9 1.35022 0.00037256
501e-9 1.35007 0.000362985
502e-9 1.34993 0.00035357
503e-9 1.34979 0.000344155
504e-9 1.34965 0.000335091
505e-9 1.34951 0.000326303
506e-9 1.34937 0.000318122
507e-9 1.34924 0.000309962
508e-9 1.3491 0.000301802
509e-9 1.34897 0.000294131
510e-9 1.34884 0.000286715
511e-9 1.34871 0.00027981
512e-9 1.34858 0.000272904
513e-9 1.34845 0.000265999
514e-9 1.34832 0.000259094
515e-9 1.34819 0.000252444
516e-9 1.34807 0.000246167
517e-9 1.34795 0.000239889
518e-9 1.34782 0.00023375
519e-9 1.3477 0.0002281
520e-9 1.34758 0.00022245
521e-9 1.34746 0.000216822
522e-9 1.34734 0.000211799
523e-9 1.34722 0.000206499
524e-9 1.34711 0.000200848
525e-9 1.34699 0.000196265
526e-9 1.34687 0.000191708
527e-9 1.34676 0.000186685
528e-9 1.34665 0.00018208
529e-9 1.34654 0.000177685
530e-9 1.34642 0.000173289
531e-9 1.34631 0.000169195
532e-9 1.34621 0.000165427
533e-9 1.3461 0.000161103
534e-9 1.34599 0.000156892
535e-9 1.34588 0.000153125
536e-9 1.34578 0.000149798
537e-9 1.34567 0.000146589
538e-9 1.34557 0.000142822
539e-9 1.34547 0.000139378
540e-9 1.34536 0.000136238
541e-9 1.34526 0.000133098
542e-9 1.34516 0.000129958
543e-9 1.34506 0.000126818
544e-9 1.34496 0.000123678
545e-9 1.34487 0.00012063
546e-9 1.34477 0.000118118
547e-9 1.34467 0.000115257
548e-9 1.34458 0.000112117
549e-9 1.34448 0.000109581
550e-9 1.34439 0.000107069
551e-9 1.34429 0.000104557
552e-9 1.3442 0.000102044
553e-9 1.34411 9.96489e-05
554e-9 1.34402 9.77645e-05
555e-9 1.34393 9.55068e-05
556e-9 1.34384 9.29956e-05
557e-9 1.34375 9.11112e-05
558e-9 1.34366 8.92267e-05
559e-9 1.34357 8.73421e-05
560e-9 1.34348 8.49434e-05
561e-9 1.3434 8.2573e-05
562e-9 1.34331 8.06883e-05
563e-9 1.34322 7.92024e-05
564e-9 1.34314 7.79189e-05
565e-9 1.34306 7.60342e-05
566e-9 1.34297 7.41494e-05
567e-9 1.34289 7.22646e-05
568e-9 1.34281 7.09199e-05
569e-9 1.34273 6.94949e-05
570e-9 1.34264 6.761e-05
571e-9 1.34256 6.615e-05
572e-9 1.34248 6.48934e-05
573e-9 1.3424 6.36366e-05
574e-9 1.34233 6.20699e-05
575e-9 1.34225 6.01848e-05
576e-9 1.34217 5.88664e-05
577e-9 1.34209 5.76096e-05
578e-9 1.34202 5.63529e-05
579e-9 1.34194 5.5096e-05
580e-9 1.34186 5.39196e-05
581e-9 1.34179 5.32911e-05
582e-9 1.34171 5.23254e-05
583e-9 1.34164 5.10684e-05
584e-9 1.34157 4.98115e-05
585e-9 1.34149 4.85545e-05
586e-9 1.34142 4.72975e-05
587e-9 1.34135 4.65202e-05
588e-9 1.34128 4.57833e-05
589e-9 1.34121 4.45262e-05
590e-9 1.34114 4.36345e-05
591e-9 1.34107 4.3006e-05
592e-9 1.341 4.17548e-05
593e-9 1.34093 4.07488e-05
594e-9 1.34086 4.01202e-05
595e-9 1.34079 3.94916e-05
596e-9 1.34072 3.87258e-05
597e-9 1.34066 3.74686e-05
598e-9 1.34059 3.66056e-05
599e-9 1.34052 3.59769e-05
600e-9 1.34046 3.53482e-05
601e-9 1.34039 3.47195e-05
602e-9 1.34033 3.40908e-05
603e-9 1.34026 3.3462e-05
604e-9 1.3402 3.28333e-05
605e-9 1.34013 3.22045e-05
606e-9 1.34007 3.15757e-05
607e-9 1.34001 3.0947e-05
608e-9 1.33995 3.03181e-05
609e-9 1.33988 2.96893e-05
610e-9 1.33982 2.90605e-05
611e-9 1.33976 2.84316e-05
612e-9 1.3397 2.78027e-05
613e-9 1.33964 2.71738e-05
614e-9 1.33958 2.65449e-05
615e-9 1.33952 2.5916e-05
616e-9 1.33946 2.52871e-05
617e-9 1.3394 2.46581e-05
618e-9 1.33934 2.40292e-05
619e-9 1.33928 2.4e-05
620e-9 1.33923 2.37712e-05
621e-9 1.33917 2.31422e-05
622e-9 1.33911 2.25132e-05
623e-9 1.33905 2.2e-05
624e-9 1.339 2.2e-05
625e-9 1.33894 2.1626e-05
626e-9 1.33889 2.09969e-05
627e-9 1.33883 2.03678e-05
628e-9 1.33878 2e-05
629e-9 1.33872 2e-05
630e-9 1.33867 1.94804e-05
631e-9 1.33861 1.88512e-05
632e-9 1.33856 1.8222e-05
633e-9 1.3385 1.8e-05
634e-9 1.33845 1.79637e-05
635e-9 1.3384 1.73344e-05
636e-9 1.33835 1.7e-05
637e-9 1.33829 1.7e-05
638e-9 1.33824 1.64466e-05
639e-9 1.33819 1.6e-05
640e-9 1.33814 1.6e-05
641e-9 1.33809 1.55587e-05
642e-9 1.33804 1.5e-05
643e-9 1.33799 1.5e-05
644e-9 1.33794 1.46706e-05
645e-9 1.33789 1.40412e-05
646e-9 1.33784 1.4e-05
647e-9 1.33779 1.4e-05
648e-9 1.33774 1.4e-05
649e-9 1.33769 1.35234e-05
650e-9 1.33764 1.3e-05
651e-9 1.33759 1.3e-05
652e-9 1.33755 1.26349e-05
653e-9 1.3375 1.20053e-05
654e-9 1.33745 1.2e-05
655e-9 1.3374 1.2e-05
656e-9 1.33736 1.2e-05
657e-9 1.33731 1.1487e-05
658e-9 1.33726 1.1e-05
659e-9 1.33722 1.1e-05
660e-9 1.33717 1.1e-05
661e-9 1.33713 1.09683e-05
662e-9 1.33708 1.03386e-05
663e-9 1.33704 1e-05
664e-9 1.33699 1e-05
665e-9 1.33695 1e-05
666e-9 1.3369 1e-05
667e-9 1.33686 1e-05
668e-9 1.33682 9.55999e-06
669e-9 1.33677 9e-06
670e-9 1.33673 9e-06
671e-9 1.33669 9e-06
672e-9 1.33664 9e-06
673e-9 1.3366 9e-06
674e-9 1.33656 8.78068e-06
675e-9 1.33652 8.15072e-06
676e-9 1.33647 8e-06
677e-9 1.33643 8e-06
678e-9 1.33639 8e-06
679e-9 1.33635 8e-06
680e-9 1.33631 8e-06
681e-9 1.33627 7.37061e-06
682e-9 1.33623 7e-06
683e-9 1.33619 7e-06
684e-9 1.33615 7e-06
685e-9 1.33611 7e-06
686e-9 1.33607 7e-06
687e-9 1.33603 7e-06
688e-9 1.33599 6.95953e-06
689e-9 1.33595 6.32931e-06
690e-9 1.33591 6e-06
691e-9 1.33587 6e-06
692e-9 1.33583 6e-06
693e-9 1.3358 6e-06
694e-9 1.33576 6e-06
695e-9 1.33572 6e-06
696e-9 1.33568 6e-06
697e-9 1.33564 6e-06
698e-9 1.33561 6e-06
699e-9 1.33557 6e-06
700e-9 1.33553 5.39535e-06
701e-9 1.3355 5e-06
702e-9 1.33546 5e-06
703e-9 1.33542 5e-06
704e-9 1.33539 5e-06
705e-9 1.33535 5e-06
706e-9 1.33532 5e-06
707e-9 1.33528 5e-06
708e-9 1.33524 5e-06
709e-9 1.33521 5e-06
710e-9 1.33517 5e-06
711e-9 1.33514 4.45883e-06
712e-9 1.3351 4e-06
713e-9 1.33507 4e-06
714e-9 1.33504 4e-06
715e-9 1.335 4e-06
716e-9 1.33497 4e-06
717e-9 1.33493 4e-06
718e-9 1.3349 4e-06
719e-9 1.33487 4e-06
720e-9 1.33483 4e-06
721e-9 1.3348 4e-06
722e-9 1.33477 4e-06
723e-9 1.33473 4e-06
724e-9 1.3347 4e-06
725e-9 1.33467 4e-06
726e-9 1.33464 3.99561e-06
727e-9 1.3346 3.36456e-06
728e-9 1.33457 3e-06
729e-9 1.33454 3e-06
730e-9 1.33451 3e-06
731e-9 1.33448 3e-06
732e-9 1.33444 3e-06
733e-9 1.33441 3e-06
734e-9 1.33438 3e-06
735e-9 1.33435 3e-06
736e-9 1.33432 3e-06
737e-9 1.33429 3e-06
738e-9 1.33426 3e-06
739e-9 1.33423 3e-06
740e-9 1.3342 3e-06
741e-9 1.33417 3e-06
742e-9 1.33414 3e-06
743e-9 1.33411 3e-06
744e-9 1.33408 3e-06
745e-9 1.33405 3e-06
746e-9 1.33402 3e-06
747e-9 1.33399 3e-06
748e-9 1.33396 3e-06
749e-9 1.33393 2.4751e-06
750e-9 1.3339 2e-06
751e-9 1.33387 2e-06
752e-9 1.33385 2e-06
753e-9 1.33382 2e-06
754e-9 1.33379 2e-06
755e-9 1.33376 2e-06
756e-9 1.33373 2e-06
757e-9 1.3337 2e-06
758e-9 1.33368 2e-06
759e-9 1.33365 2e-06
760e-9 1.33362 2e-06
761e-9 1.33359 2e-06
762e-9 1.33357 2e-06
763e-9 1.33354 2e-06
764e-9 1.33351 2e-06
765e-9 1.33348 2e-06
766e-9 1.33346 2e-06
767e-9 1.33343 2e-06
768e-9 1.3334 2e-06
769e-9 1.33338 2e-06
770e-9 1.33335 2e-06
771e-9 1.33332 2e-06
772e-9 1.3333 2e-06
773e-9 1.33327 2e-06
774e-9 1.33325 2e-06
775e-9 1.33322 2e-06
776e-9 1.33319 2e-06
777e-9 1.33317 2e-06
778e-9 1.33314 2e-06
779e-9 1.33312 2e-06
780e-9 1.33309 2e-06
781e-9 1.33307 2e-06
782e-9 1.33304 2e-06
783e-9 1.33302 1.98556e-06
784e-9 1.33299 1.35302e-06
785e-9 1.33297 1e-06
786e-9 1.33294 1e-06
787e-9 1.33292 1e-06
788e-9 1.3329 1e-06
789e-9 1.33287 1e-06
790e-9 1.33285 1e-06
791e-9 1.33282 1e-06
792e-9 1.3328 1e-06
793e-9 1.33278 1e-06
794e-9 1.33275 1e-06
795e-9 1.33273 1e-06
796e-9 1.3327 1e-06
797e-9 1.33268 1e-06
798e-9 1.33266 1e-06
799e-9 1.33263 1e-06
800e-9 1.33261 1e-06
